
DETflux = [
    1    1    1    1    1    1    1    1    1    1  3.40099E+13 0.00870 
    2    1    1    1    2    1    1    1    1    1  2.22356E+14 0.00371 
    3    1    1    1    3    1    1    1    1    1  8.74859E+14 0.00211 
    4    1    1    1    4    1    1    1    1    1  2.04932E+15 0.00144 
    5    1    1    1    5    1    1    1    1    1  2.89596E+15 0.00122 
    6    1    1    1    6    1    1    1    1    1  2.51505E+15 0.00135 
    7    1    1    1    7    1    1    1    1    1  1.33113E+15 0.00176 
    8    1    1    1    8    1    1    1    1    1  4.21109E+14 0.00280 
    9    1    1    1    9    1    1    1    1    1  8.50643E+13 0.00586 
   10    1    1    1   10    1    1    1    1    1  6.38081E+13 0.00584 
   11    1    1    1   11    1    1    1    1    1  4.36043E+14 0.00266 
   12    1    1    1   12    1    1    1    1    1  1.67705E+15 0.00157 
   13    1    1    1   13    1    1    1    1    1  3.63188E+15 0.00096 
   14    1    1    1   14    1    1    1    1    1  4.80087E+15 0.00077 
   15    1    1    1   15    1    1    1    1    1  4.29028E+15 0.00087 
   16    1    1    1   16    1    1    1    1    1  2.48958E+15 0.00120 
   17    1    1    1   17    1    1    1    1    1  8.26534E+14 0.00191 
   18    1    1    1   18    1    1    1    1    1  1.59370E+14 0.00403 
   19    1    1    1   19    1    1    1    1    1  7.82675E+13 0.00518 
   20    1    1    1   20    1    1    1    1    1  5.33826E+14 0.00226 
   21    1    1    1   21    1    1    1    1    1  1.96773E+15 0.00139 
   22    1    1    1   22    1    1    1    1    1  3.95099E+15 0.00082 
   23    1    1    1   23    1    1    1    1    1  4.97176E+15 0.00068 
   24    1    1    1   24    1    1    1    1    1  4.54408E+15 0.00077 
   25    1    1    1   25    1    1    1    1    1  2.83727E+15 0.00101 
   26    1    1    1   26    1    1    1    1    1  9.94086E+14 0.00168 
   27    1    1    1   27    1    1    1    1    1  1.92716E+14 0.00341 
   28    1    1    1   28    1    1    1    1    1  7.53532E+13 0.00510 
   29    1    1    1   29    1    1    1    1    1  5.09077E+14 0.00235 
   30    1    1    1   30    1    1    1    1    1  1.81536E+15 0.00123 
   31    1    1    1   31    1    1    1    1    1  3.43165E+15 0.00083 
   32    1    1    1   32    1    1    1    1    1  4.17748E+15 0.00073 
   33    1    1    1   33    1    1    1    1    1  3.87568E+15 0.00076 
   34    1    1    1   34    1    1    1    1    1  2.54395E+15 0.00105 
   35    1    1    1   35    1    1    1    1    1  9.36844E+14 0.00175 
   36    1    1    1   36    1    1    1    1    1  1.84744E+14 0.00348 
   37    1    1    1   37    1    1    1    1    1  5.96762E+13 0.00532 
   38    1    1    1   38    1    1    1    1    1  3.98705E+14 0.00247 
   39    1    1    1   39    1    1    1    1    1  1.39924E+15 0.00136 
   40    1    1    1   40    1    1    1    1    1  2.60184E+15 0.00094 
   41    1    1    1   41    1    1    1    1    1  3.16928E+15 0.00078 
   42    1    1    1   42    1    1    1    1    1  2.93707E+15 0.00087 
   43    1    1    1   43    1    1    1    1    1  1.94402E+15 0.00123 
   44    1    1    1   44    1    1    1    1    1  7.30984E+14 0.00187 
   45    1    1    1   45    1    1    1    1    1  1.46725E+14 0.00367 
   46    1    1    1   46    1    1    1    1    1  4.10078E+13 0.00610 
   47    1    1    1   47    1    1    1    1    1  2.61569E+14 0.00265 
   48    1    1    1   48    1    1    1    1    1  9.07574E+14 0.00155 
   49    1    1    1   49    1    1    1    1    1  1.77121E+15 0.00110 
   50    1    1    1   50    1    1    1    1    1  2.24129E+15 0.00091 
   51    1    1    1   51    1    1    1    1    1  2.04454E+15 0.00103 
   52    1    1    1   52    1    1    1    1    1  1.28609E+15 0.00134 
   53    1    1    1   53    1    1    1    1    1  4.75247E+14 0.00211 
   54    1    1    1   54    1    1    1    1    1  9.96132E+13 0.00408 
   55    1    1    1   55    1    1    1    1    1  2.53893E+13 0.00756 
   56    1    1    1   56    1    1    1    1    1  1.56189E+14 0.00331 
   57    1    1    1   57    1    1    1    1    1  5.37907E+14 0.00197 
   58    1    1    1   58    1    1    1    1    1  1.09762E+15 0.00139 
   59    1    1    1   59    1    1    1    1    1  1.43632E+15 0.00114 
   60    1    1    1   60    1    1    1    1    1  1.29039E+15 0.00128 
   61    1    1    1   61    1    1    1    1    1  7.75024E+14 0.00163 
   62    1    1    1   62    1    1    1    1    1  2.81649E+14 0.00250 
   63    1    1    1   63    1    1    1    1    1  6.15739E+13 0.00508 
   64    1    1    1   64    1    1    1    1    1  1.49811E+13 0.00911 
   65    1    1    1   65    1    1    1    1    1  8.79276E+13 0.00418 
   66    1    1    1   66    1    1    1    1    1  2.97843E+14 0.00239 
   67    1    1    1   67    1    1    1    1    1  6.17865E+14 0.00169 
   68    1    1    1   68    1    1    1    1    1  8.21436E+14 0.00150 
   69    1    1    1   69    1    1    1    1    1  7.32595E+14 0.00155 
   70    1    1    1   70    1    1    1    1    1  4.30510E+14 0.00206 
   71    1    1    1   71    1    1    1    1    1  1.57140E+14 0.00321 
   72    1    1    1   72    1    1    1    1    1  3.64282E+13 0.00628 
   73    1    1    1   73    1    1    1    1    1  8.68542E+12 0.01199 
   74    1    1    1   74    1    1    1    1    1  4.77805E+13 0.00540 
   75    1    1    1   75    1    1    1    1    1  1.58727E+14 0.00296 
   76    1    1    1   76    1    1    1    1    1  3.28927E+14 0.00229 
   77    1    1    1   77    1    1    1    1    1  4.41458E+14 0.00199 
   78    1    1    1   78    1    1    1    1    1  3.92703E+14 0.00205 
   79    1    1    1   79    1    1    1    1    1  2.27844E+14 0.00253 
   80    1    1    1   80    1    1    1    1    1  8.42402E+13 0.00425 
   81    1    1    1   81    1    1    1    1    1  2.07523E+13 0.00813 
   82    1    1    1   82    1    1    1    1    1  4.87545E+12 0.01527 
   83    1    1    1   83    1    1    1    1    1  2.53771E+13 0.00704 
   84    1    1    1   84    1    1    1    1    1  8.23890E+13 0.00395 
   85    1    1    1   85    1    1    1    1    1  1.69485E+14 0.00297 
   86    1    1    1   86    1    1    1    1    1  2.28737E+14 0.00265 
   87    1    1    1   87    1    1    1    1    1  2.04938E+14 0.00260 
   88    1    1    1   88    1    1    1    1    1  1.18655E+14 0.00339 
   89    1    1    1   89    1    1    1    1    1  4.44318E+13 0.00558 
   90    1    1    1   90    1    1    1    1    1  1.16905E+13 0.01073 
   91    1    1    1   91    1    1    1    1    1  2.75609E+12 0.01998 
   92    1    1    1   92    1    1    1    1    1  1.35782E+13 0.00955 
   93    1    1    1   93    1    1    1    1    1  4.23802E+13 0.00534 
   94    1    1    1   94    1    1    1    1    1  8.61999E+13 0.00389 
   95    1    1    1   95    1    1    1    1    1  1.16119E+14 0.00341 
   96    1    1    1   96    1    1    1    1    1  1.04179E+14 0.00343 
   97    1    1    1   97    1    1    1    1    1  6.09875E+13 0.00454 
   98    1    1    1   98    1    1    1    1    1  2.32248E+13 0.00708 
   99    1    1    1   99    1    1    1    1    1  6.71565E+12 0.01290 
  100    1    1    1  100    1    1    1    1    1  1.54773E+12 0.02558 
  101    1    1    1  101    1    1    1    1    1  7.32804E+12 0.01221 
  102    1    1    1  102    1    1    1    1    1  2.21382E+13 0.00731 
  103    1    1    1  103    1    1    1    1    1  4.43226E+13 0.00526 
  104    1    1    1  104    1    1    1    1    1  5.95256E+13 0.00461 
  105    1    1    1  105    1    1    1    1    1  5.32101E+13 0.00459 
  106    1    1    1  106    1    1    1    1    1  3.17161E+13 0.00601 
  107    1    1    1  107    1    1    1    1    1  1.23337E+13 0.00924 
  108    1    1    1  108    1    1    1    1    1  4.21338E+12 0.01564 
];


