
DETflux = [
    1    1    1    1    1    1    1    1    1    1  3.35868E+13 0.00832 
    2    1    1    1    2    1    1    1    1    1  2.22878E+14 0.00396 
    3    1    1    1    3    1    1    1    1    1  8.71132E+14 0.00218 
    4    1    1    1    4    1    1    1    1    1  2.05116E+15 0.00155 
    5    1    1    1    5    1    1    1    1    1  2.89982E+15 0.00128 
    6    1    1    1    6    1    1    1    1    1  2.52108E+15 0.00142 
    7    1    1    1    7    1    1    1    1    1  1.34045E+15 0.00180 
    8    1    1    1    8    1    1    1    1    1  4.23359E+14 0.00282 
    9    1    1    1    9    1    1    1    1    1  8.45194E+13 0.00560 
   10    1    1    1   10    1    1    1    1    1  6.39578E+13 0.00569 
   11    1    1    1   11    1    1    1    1    1  4.38741E+14 0.00259 
   12    1    1    1   12    1    1    1    1    1  1.68612E+15 0.00151 
   13    1    1    1   13    1    1    1    1    1  3.64412E+15 0.00100 
   14    1    1    1   14    1    1    1    1    1  4.80447E+15 0.00079 
   15    1    1    1   15    1    1    1    1    1  4.29547E+15 0.00085 
   16    1    1    1   16    1    1    1    1    1  2.49286E+15 0.00128 
   17    1    1    1   17    1    1    1    1    1  8.26433E+14 0.00202 
   18    1    1    1   18    1    1    1    1    1  1.59868E+14 0.00402 
   19    1    1    1   19    1    1    1    1    1  7.76455E+13 0.00511 
   20    1    1    1   20    1    1    1    1    1  5.35353E+14 0.00225 
   21    1    1    1   21    1    1    1    1    1  1.97893E+15 0.00130 
   22    1    1    1   22    1    1    1    1    1  3.96422E+15 0.00088 
   23    1    1    1   23    1    1    1    1    1  4.97354E+15 0.00069 
   24    1    1    1   24    1    1    1    1    1  4.53768E+15 0.00078 
   25    1    1    1   25    1    1    1    1    1  2.83062E+15 0.00115 
   26    1    1    1   26    1    1    1    1    1  9.97587E+14 0.00187 
   27    1    1    1   27    1    1    1    1    1  1.93141E+14 0.00347 
   28    1    1    1   28    1    1    1    1    1  7.44168E+13 0.00493 
   29    1    1    1   29    1    1    1    1    1  5.07852E+14 0.00223 
   30    1    1    1   30    1    1    1    1    1  1.81159E+15 0.00131 
   31    1    1    1   31    1    1    1    1    1  3.43728E+15 0.00094 
   32    1    1    1   32    1    1    1    1    1  4.18454E+15 0.00071 
   33    1    1    1   33    1    1    1    1    1  3.86586E+15 0.00078 
   34    1    1    1   34    1    1    1    1    1  2.53401E+15 0.00112 
   35    1    1    1   35    1    1    1    1    1  9.36574E+14 0.00175 
   36    1    1    1   36    1    1    1    1    1  1.84626E+14 0.00343 
   37    1    1    1   37    1    1    1    1    1  5.97548E+13 0.00534 
   38    1    1    1   38    1    1    1    1    1  3.96369E+14 0.00232 
   39    1    1    1   39    1    1    1    1    1  1.39161E+15 0.00146 
   40    1    1    1   40    1    1    1    1    1  2.60718E+15 0.00098 
   41    1    1    1   41    1    1    1    1    1  3.16893E+15 0.00078 
   42    1    1    1   42    1    1    1    1    1  2.93352E+15 0.00088 
   43    1    1    1   43    1    1    1    1    1  1.93633E+15 0.00123 
   44    1    1    1   44    1    1    1    1    1  7.27539E+14 0.00193 
   45    1    1    1   45    1    1    1    1    1  1.47173E+14 0.00365 
   46    1    1    1   46    1    1    1    1    1  4.11672E+13 0.00610 
   47    1    1    1   47    1    1    1    1    1  2.61006E+14 0.00284 
   48    1    1    1   48    1    1    1    1    1  9.03826E+14 0.00167 
   49    1    1    1   49    1    1    1    1    1  1.77042E+15 0.00112 
   50    1    1    1   50    1    1    1    1    1  2.24108E+15 0.00100 
   51    1    1    1   51    1    1    1    1    1  2.04135E+15 0.00104 
   52    1    1    1   52    1    1    1    1    1  1.28407E+15 0.00141 
   53    1    1    1   53    1    1    1    1    1  4.73243E+14 0.00216 
   54    1    1    1   54    1    1    1    1    1  9.93802E+13 0.00420 
   55    1    1    1   55    1    1    1    1    1  2.56604E+13 0.00765 
   56    1    1    1   56    1    1    1    1    1  1.56387E+14 0.00339 
   57    1    1    1   57    1    1    1    1    1  5.36092E+14 0.00198 
   58    1    1    1   58    1    1    1    1    1  1.09666E+15 0.00132 
   59    1    1    1   59    1    1    1    1    1  1.43469E+15 0.00121 
   60    1    1    1   60    1    1    1    1    1  1.28771E+15 0.00130 
   61    1    1    1   61    1    1    1    1    1  7.73652E+14 0.00162 
   62    1    1    1   62    1    1    1    1    1  2.81803E+14 0.00254 
   63    1    1    1   63    1    1    1    1    1  6.10669E+13 0.00479 
   64    1    1    1   64    1    1    1    1    1  1.50974E+13 0.00945 
   65    1    1    1   65    1    1    1    1    1  8.80985E+13 0.00407 
   66    1    1    1   66    1    1    1    1    1  2.97579E+14 0.00244 
   67    1    1    1   67    1    1    1    1    1  6.15845E+14 0.00166 
   68    1    1    1   68    1    1    1    1    1  8.19990E+14 0.00156 
   69    1    1    1   69    1    1    1    1    1  7.31236E+14 0.00161 
   70    1    1    1   70    1    1    1    1    1  4.29148E+14 0.00200 
   71    1    1    1   71    1    1    1    1    1  1.56679E+14 0.00314 
   72    1    1    1   72    1    1    1    1    1  3.59082E+13 0.00612 
   73    1    1    1   73    1    1    1    1    1  8.40560E+12 0.01206 
   74    1    1    1   74    1    1    1    1    1  4.76947E+13 0.00548 
   75    1    1    1   75    1    1    1    1    1  1.58771E+14 0.00302 
   76    1    1    1   76    1    1    1    1    1  3.27696E+14 0.00226 
   77    1    1    1   77    1    1    1    1    1  4.39601E+14 0.00197 
   78    1    1    1   78    1    1    1    1    1  3.90402E+14 0.00208 
   79    1    1    1   79    1    1    1    1    1  2.28420E+14 0.00255 
   80    1    1    1   80    1    1    1    1    1  8.42564E+13 0.00405 
   81    1    1    1   81    1    1    1    1    1  2.06725E+13 0.00773 
   82    1    1    1   82    1    1    1    1    1  4.74335E+12 0.01540 
   83    1    1    1   83    1    1    1    1    1  2.55368E+13 0.00698 
   84    1    1    1   84    1    1    1    1    1  8.26088E+13 0.00402 
   85    1    1    1   85    1    1    1    1    1  1.69525E+14 0.00281 
   86    1    1    1   86    1    1    1    1    1  2.27783E+14 0.00243 
   87    1    1    1   87    1    1    1    1    1  2.02729E+14 0.00266 
   88    1    1    1   88    1    1    1    1    1  1.18016E+14 0.00334 
   89    1    1    1   89    1    1    1    1    1  4.45839E+13 0.00521 
   90    1    1    1   90    1    1    1    1    1  1.16358E+13 0.00972 
   91    1    1    1   91    1    1    1    1    1  2.70210E+12 0.02012 
   92    1    1    1   92    1    1    1    1    1  1.35856E+13 0.00939 
   93    1    1    1   93    1    1    1    1    1  4.24174E+13 0.00525 
   94    1    1    1   94    1    1    1    1    1  8.65223E+13 0.00378 
   95    1    1    1   95    1    1    1    1    1  1.16329E+14 0.00330 
   96    1    1    1   96    1    1    1    1    1  1.03195E+14 0.00340 
   97    1    1    1   97    1    1    1    1    1  6.04184E+13 0.00458 
   98    1    1    1   98    1    1    1    1    1  2.35045E+13 0.00726 
   99    1    1    1   99    1    1    1    1    1  6.71095E+12 0.01299 
  100    1    1    1  100    1    1    1    1    1  1.54033E+12 0.02648 
  101    1    1    1  101    1    1    1    1    1  7.29895E+12 0.01241 
  102    1    1    1  102    1    1    1    1    1  2.21672E+13 0.00730 
  103    1    1    1  103    1    1    1    1    1  4.43390E+13 0.00512 
  104    1    1    1  104    1    1    1    1    1  5.94722E+13 0.00448 
  105    1    1    1  105    1    1    1    1    1  5.26880E+13 0.00453 
  106    1    1    1  106    1    1    1    1    1  3.16767E+13 0.00644 
  107    1    1    1  107    1    1    1    1    1  1.25990E+13 0.00908 
  108    1    1    1  108    1    1    1    1    1  4.10444E+12 0.01550 
];


