
DETflux = [
    1    1    1    1    1    1    1    1    1    1  2.49980E+13 0.01003 
    2    1    1    1    2    1    1    1    1    1  1.62812E+14 0.00401 
    3    1    1    1    3    1    1    1    1    1  6.44772E+14 0.00233 
    4    1    1    1    4    1    1    1    1    1  1.54004E+15 0.00165 
    5    1    1    1    5    1    1    1    1    1  2.19868E+15 0.00139 
    6    1    1    1    6    1    1    1    1    1  1.90088E+15 0.00145 
    7    1    1    1    7    1    1    1    1    1  9.96804E+14 0.00194 
    8    1    1    1    8    1    1    1    1    1  3.10192E+14 0.00319 
    9    1    1    1    9    1    1    1    1    1  6.26886E+13 0.00671 
   10    1    1    1   10    1    1    1    1    1  5.17386E+13 0.00626 
   11    1    1    1   11    1    1    1    1    1  3.68176E+14 0.00275 
   12    1    1    1   12    1    1    1    1    1  1.49755E+15 0.00148 
   13    1    1    1   13    1    1    1    1    1  3.48349E+15 0.00095 
   14    1    1    1   14    1    1    1    1    1  4.80195E+15 0.00080 
   15    1    1    1   15    1    1    1    1    1  4.21367E+15 0.00088 
   16    1    1    1   16    1    1    1    1    1  2.29560E+15 0.00127 
   17    1    1    1   17    1    1    1    1    1  7.13945E+14 0.00207 
   18    1    1    1   18    1    1    1    1    1  1.31715E+14 0.00434 
   19    1    1    1   19    1    1    1    1    1  6.74248E+13 0.00544 
   20    1    1    1   20    1    1    1    1    1  4.83482E+14 0.00229 
   21    1    1    1   21    1    1    1    1    1  1.92483E+15 0.00128 
   22    1    1    1   22    1    1    1    1    1  4.22350E+15 0.00082 
   23    1    1    1   23    1    1    1    1    1  5.58256E+15 0.00065 
   24    1    1    1   24    1    1    1    1    1  4.99142E+15 0.00070 
   25    1    1    1   25    1    1    1    1    1  2.88711E+15 0.00101 
   26    1    1    1   26    1    1    1    1    1  9.32897E+14 0.00175 
   27    1    1    1   27    1    1    1    1    1  1.69683E+14 0.00347 
   28    1    1    1   28    1    1    1    1    1  6.67166E+13 0.00519 
   29    1    1    1   29    1    1    1    1    1  4.81530E+14 0.00220 
   30    1    1    1   30    1    1    1    1    1  1.86401E+15 0.00126 
   31    1    1    1   31    1    1    1    1    1  3.85762E+15 0.00081 
   32    1    1    1   32    1    1    1    1    1  4.93038E+15 0.00065 
   33    1    1    1   33    1    1    1    1    1  4.47876E+15 0.00067 
   34    1    1    1   34    1    1    1    1    1  2.72530E+15 0.00101 
   35    1    1    1   35    1    1    1    1    1  9.18351E+14 0.00169 
   36    1    1    1   36    1    1    1    1    1  1.68712E+14 0.00365 
   37    1    1    1   37    1    1    1    1    1  5.46468E+13 0.00561 
   38    1    1    1   38    1    1    1    1    1  3.84757E+14 0.00240 
   39    1    1    1   39    1    1    1    1    1  1.45673E+15 0.00138 
   40    1    1    1   40    1    1    1    1    1  2.94688E+15 0.00092 
   41    1    1    1   41    1    1    1    1    1  3.74416E+15 0.00076 
   42    1    1    1   42    1    1    1    1    1  3.40429E+15 0.00076 
   43    1    1    1   43    1    1    1    1    1  2.09816E+15 0.00110 
   44    1    1    1   44    1    1    1    1    1  7.25835E+14 0.00183 
   45    1    1    1   45    1    1    1    1    1  1.36068E+14 0.00353 
   46    1    1    1   46    1    1    1    1    1  3.80934E+13 0.00646 
   47    1    1    1   47    1    1    1    1    1  2.53382E+14 0.00277 
   48    1    1    1   48    1    1    1    1    1  9.35076E+14 0.00153 
   49    1    1    1   49    1    1    1    1    1  1.95175E+15 0.00109 
   50    1    1    1   50    1    1    1    1    1  2.55493E+15 0.00095 
   51    1    1    1   51    1    1    1    1    1  2.28992E+15 0.00092 
   52    1    1    1   52    1    1    1    1    1  1.35840E+15 0.00131 
   53    1    1    1   53    1    1    1    1    1  4.69309E+14 0.00209 
   54    1    1    1   54    1    1    1    1    1  9.23502E+13 0.00414 
   55    1    1    1   55    1    1    1    1    1  2.36926E+13 0.00787 
   56    1    1    1   56    1    1    1    1    1  1.50966E+14 0.00327 
   57    1    1    1   57    1    1    1    1    1  5.42805E+14 0.00183 
   58    1    1    1   58    1    1    1    1    1  1.17018E+15 0.00136 
   59    1    1    1   59    1    1    1    1    1  1.57189E+15 0.00117 
   60    1    1    1   60    1    1    1    1    1  1.39324E+15 0.00119 
   61    1    1    1   61    1    1    1    1    1  7.97514E+14 0.00152 
   62    1    1    1   62    1    1    1    1    1  2.74229E+14 0.00256 
   63    1    1    1   63    1    1    1    1    1  5.73042E+13 0.00494 
   64    1    1    1   64    1    1    1    1    1  1.40012E+13 0.00956 
   65    1    1    1   65    1    1    1    1    1  8.41381E+13 0.00396 
   66    1    1    1   66    1    1    1    1    1  2.94350E+14 0.00234 
   67    1    1    1   67    1    1    1    1    1  6.35863E+14 0.00175 
   68    1    1    1   68    1    1    1    1    1  8.64690E+14 0.00147 
   69    1    1    1   69    1    1    1    1    1  7.63874E+14 0.00150 
   70    1    1    1   70    1    1    1    1    1  4.31899E+14 0.00195 
   71    1    1    1   71    1    1    1    1    1  1.50866E+14 0.00314 
   72    1    1    1   72    1    1    1    1    1  3.33650E+13 0.00632 
   73    1    1    1   73    1    1    1    1    1  7.80583E+12 0.01265 
   74    1    1    1   74    1    1    1    1    1  4.52109E+13 0.00539 
   75    1    1    1   75    1    1    1    1    1  1.52901E+14 0.00292 
   76    1    1    1   76    1    1    1    1    1  3.29141E+14 0.00221 
   77    1    1    1   77    1    1    1    1    1  4.49182E+14 0.00183 
   78    1    1    1   78    1    1    1    1    1  3.96097E+14 0.00193 
   79    1    1    1   79    1    1    1    1    1  2.24730E+14 0.00254 
   80    1    1    1   80    1    1    1    1    1  8.04252E+13 0.00420 
   81    1    1    1   81    1    1    1    1    1  1.89503E+13 0.00827 
   82    1    1    1   82    1    1    1    1    1  4.18193E+12 0.01615 
   83    1    1    1   83    1    1    1    1    1  2.39477E+13 0.00723 
   84    1    1    1   84    1    1    1    1    1  7.82810E+13 0.00404 
   85    1    1    1   85    1    1    1    1    1  1.66454E+14 0.00289 
   86    1    1    1   86    1    1    1    1    1  2.26657E+14 0.00241 
   87    1    1    1   87    1    1    1    1    1  2.00081E+14 0.00259 
   88    1    1    1   88    1    1    1    1    1  1.14877E+14 0.00356 
   89    1    1    1   89    1    1    1    1    1  4.19386E+13 0.00550 
   90    1    1    1   90    1    1    1    1    1  1.08478E+13 0.00997 
   91    1    1    1   91    1    1    1    1    1  2.23502E+12 0.02219 
   92    1    1    1   92    1    1    1    1    1  1.24506E+13 0.00976 
   93    1    1    1   93    1    1    1    1    1  3.97449E+13 0.00560 
   94    1    1    1   94    1    1    1    1    1  8.33749E+13 0.00372 
   95    1    1    1   95    1    1    1    1    1  1.12784E+14 0.00310 
   96    1    1    1   96    1    1    1    1    1  9.97789E+13 0.00340 
   97    1    1    1   97    1    1    1    1    1  5.79861E+13 0.00477 
   98    1    1    1   98    1    1    1    1    1  2.18543E+13 0.00742 
   99    1    1    1   99    1    1    1    1    1  6.22775E+12 0.01295 
  100    1    1    1  100    1    1    1    1    1  1.30780E+12 0.02804 
  101    1    1    1  101    1    1    1    1    1  6.70716E+12 0.01244 
  102    1    1    1  102    1    1    1    1    1  2.04770E+13 0.00752 
  103    1    1    1  103    1    1    1    1    1  4.21887E+13 0.00514 
  104    1    1    1  104    1    1    1    1    1  5.62369E+13 0.00448 
  105    1    1    1  105    1    1    1    1    1  5.00318E+13 0.00491 
  106    1    1    1  106    1    1    1    1    1  2.95162E+13 0.00616 
  107    1    1    1  107    1    1    1    1    1  1.14242E+13 0.01013 
  108    1    1    1  108    1    1    1    1    1  3.73005E+12 0.01598 
];


