
DETflux = [
    1    1    1    1    1    1    1    1    1    1  2.11007E+13 0.01125 
    2    1    1    1    2    1    1    1    1    1  1.39985E+14 0.00459 
    3    1    1    1    3    1    1    1    1    1  5.56150E+14 0.00239 
    4    1    1    1    4    1    1    1    1    1  1.33232E+15 0.00163 
    5    1    1    1    5    1    1    1    1    1  1.92077E+15 0.00153 
    6    1    1    1    6    1    1    1    1    1  1.65743E+15 0.00163 
    7    1    1    1    7    1    1    1    1    1  8.61344E+14 0.00206 
    8    1    1    1    8    1    1    1    1    1  2.67157E+14 0.00334 
    9    1    1    1    9    1    1    1    1    1  5.39993E+13 0.00670 
   10    1    1    1   10    1    1    1    1    1  4.68250E+13 0.00667 
   11    1    1    1   11    1    1    1    1    1  3.36816E+14 0.00279 
   12    1    1    1   12    1    1    1    1    1  1.40863E+15 0.00150 
   13    1    1    1   13    1    1    1    1    1  3.38316E+15 0.00099 
   14    1    1    1   14    1    1    1    1    1  4.76093E+15 0.00079 
   15    1    1    1   15    1    1    1    1    1  4.14272E+15 0.00092 
   16    1    1    1   16    1    1    1    1    1  2.18268E+15 0.00124 
   17    1    1    1   17    1    1    1    1    1  6.59081E+14 0.00219 
   18    1    1    1   18    1    1    1    1    1  1.18959E+14 0.00452 
   19    1    1    1   19    1    1    1    1    1  6.22857E+13 0.00571 
   20    1    1    1   20    1    1    1    1    1  4.60367E+14 0.00226 
   21    1    1    1   21    1    1    1    1    1  1.90625E+15 0.00120 
   22    1    1    1   22    1    1    1    1    1  4.35923E+15 0.00079 
   23    1    1    1   23    1    1    1    1    1  5.90896E+15 0.00062 
   24    1    1    1   24    1    1    1    1    1  5.21546E+15 0.00072 
   25    1    1    1   25    1    1    1    1    1  2.88573E+15 0.00105 
   26    1    1    1   26    1    1    1    1    1  8.92232E+14 0.00184 
   27    1    1    1   27    1    1    1    1    1  1.57994E+14 0.00377 
   28    1    1    1   28    1    1    1    1    1  6.36271E+13 0.00531 
   29    1    1    1   29    1    1    1    1    1  4.69047E+14 0.00227 
   30    1    1    1   30    1    1    1    1    1  1.89544E+15 0.00116 
   31    1    1    1   31    1    1    1    1    1  4.11875E+15 0.00082 
   32    1    1    1   32    1    1    1    1    1  5.39161E+15 0.00059 
   33    1    1    1   33    1    1    1    1    1  4.81908E+15 0.00067 
   34    1    1    1   34    1    1    1    1    1  2.79995E+15 0.00099 
   35    1    1    1   35    1    1    1    1    1  9.02471E+14 0.00166 
   36    1    1    1   36    1    1    1    1    1  1.60162E+14 0.00359 
   37    1    1    1   37    1    1    1    1    1  5.23808E+13 0.00546 
   38    1    1    1   38    1    1    1    1    1  3.80245E+14 0.00237 
   39    1    1    1   39    1    1    1    1    1  1.49398E+15 0.00126 
   40    1    1    1   40    1    1    1    1    1  3.16462E+15 0.00089 
   41    1    1    1   41    1    1    1    1    1  4.10291E+15 0.00069 
   42    1    1    1   42    1    1    1    1    1  3.67942E+15 0.00076 
   43    1    1    1   43    1    1    1    1    1  2.17890E+15 0.00107 
   44    1    1    1   44    1    1    1    1    1  7.23108E+14 0.00183 
   45    1    1    1   45    1    1    1    1    1  1.31604E+14 0.00377 
   46    1    1    1   46    1    1    1    1    1  3.61969E+13 0.00636 
   47    1    1    1   47    1    1    1    1    1  2.49055E+14 0.00276 
   48    1    1    1   48    1    1    1    1    1  9.50292E+14 0.00149 
   49    1    1    1   49    1    1    1    1    1  2.05652E+15 0.00110 
   50    1    1    1   50    1    1    1    1    1  2.74021E+15 0.00089 
   51    1    1    1   51    1    1    1    1    1  2.42981E+15 0.00094 
   52    1    1    1   52    1    1    1    1    1  1.39888E+15 0.00134 
   53    1    1    1   53    1    1    1    1    1  4.67125E+14 0.00218 
   54    1    1    1   54    1    1    1    1    1  8.99504E+13 0.00440 
   55    1    1    1   55    1    1    1    1    1  2.25216E+13 0.00783 
   56    1    1    1   56    1    1    1    1    1  1.46714E+14 0.00337 
   57    1    1    1   57    1    1    1    1    1  5.46002E+14 0.00190 
   58    1    1    1   58    1    1    1    1    1  1.20654E+15 0.00131 
   59    1    1    1   59    1    1    1    1    1  1.64686E+15 0.00111 
   60    1    1    1   60    1    1    1    1    1  1.44540E+15 0.00113 
   61    1    1    1   61    1    1    1    1    1  8.08717E+14 0.00161 
   62    1    1    1   62    1    1    1    1    1  2.71909E+14 0.00256 
   63    1    1    1   63    1    1    1    1    1  5.53167E+13 0.00531 
   64    1    1    1   64    1    1    1    1    1  1.32590E+13 0.01028 
   65    1    1    1   65    1    1    1    1    1  8.13899E+13 0.00424 
   66    1    1    1   66    1    1    1    1    1  2.91536E+14 0.00248 
   67    1    1    1   67    1    1    1    1    1  6.44370E+14 0.00166 
   68    1    1    1   68    1    1    1    1    1  8.85130E+14 0.00145 
   69    1    1    1   69    1    1    1    1    1  7.74477E+14 0.00148 
   70    1    1    1   70    1    1    1    1    1  4.31654E+14 0.00199 
   71    1    1    1   71    1    1    1    1    1  1.47716E+14 0.00312 
   72    1    1    1   72    1    1    1    1    1  3.25848E+13 0.00668 
   73    1    1    1   73    1    1    1    1    1  7.44509E+12 0.01244 
   74    1    1    1   74    1    1    1    1    1  4.35143E+13 0.00556 
   75    1    1    1   75    1    1    1    1    1  1.50724E+14 0.00313 
   76    1    1    1   76    1    1    1    1    1  3.27318E+14 0.00218 
   77    1    1    1   77    1    1    1    1    1  4.50191E+14 0.00186 
   78    1    1    1   78    1    1    1    1    1  3.95864E+14 0.00191 
   79    1    1    1   79    1    1    1    1    1  2.21342E+14 0.00260 
   80    1    1    1   80    1    1    1    1    1  7.77792E+13 0.00416 
   81    1    1    1   81    1    1    1    1    1  1.83118E+13 0.00865 
   82    1    1    1   82    1    1    1    1    1  4.08955E+12 0.01637 
   83    1    1    1   83    1    1    1    1    1  2.27583E+13 0.00731 
   84    1    1    1   84    1    1    1    1    1  7.62598E+13 0.00418 
   85    1    1    1   85    1    1    1    1    1  1.63527E+14 0.00303 
   86    1    1    1   86    1    1    1    1    1  2.24405E+14 0.00257 
   87    1    1    1   87    1    1    1    1    1  1.96782E+14 0.00260 
   88    1    1    1   88    1    1    1    1    1  1.11220E+14 0.00353 
   89    1    1    1   89    1    1    1    1    1  4.05203E+13 0.00556 
   90    1    1    1   90    1    1    1    1    1  1.04312E+13 0.01059 
   91    1    1    1   91    1    1    1    1    1  2.28828E+12 0.02211 
   92    1    1    1   92    1    1    1    1    1  1.18911E+13 0.00989 
   93    1    1    1   93    1    1    1    1    1  3.84650E+13 0.00573 
   94    1    1    1   94    1    1    1    1    1  8.07655E+13 0.00386 
   95    1    1    1   95    1    1    1    1    1  1.10636E+14 0.00336 
   96    1    1    1   96    1    1    1    1    1  9.74149E+13 0.00353 
   97    1    1    1   97    1    1    1    1    1  5.55401E+13 0.00455 
   98    1    1    1   98    1    1    1    1    1  2.08269E+13 0.00732 
   99    1    1    1   99    1    1    1    1    1  5.85666E+12 0.01343 
  100    1    1    1  100    1    1    1    1    1  1.32099E+12 0.02777 
  101    1    1    1  101    1    1    1    1    1  6.43085E+12 0.01336 
  102    1    1    1  102    1    1    1    1    1  1.97847E+13 0.00758 
  103    1    1    1  103    1    1    1    1    1  4.05332E+13 0.00528 
  104    1    1    1  104    1    1    1    1    1  5.49055E+13 0.00449 
  105    1    1    1  105    1    1    1    1    1  4.86642E+13 0.00485 
  106    1    1    1  106    1    1    1    1    1  2.82694E+13 0.00599 
  107    1    1    1  107    1    1    1    1    1  1.08921E+13 0.00964 
  108    1    1    1  108    1    1    1    1    1  3.52827E+12 0.01727 
];


