
DETflux = [
    1    1    1    1    1    1    1    1    1    1  2.50023E+13 0.00958 
    2    1    1    1    2    1    1    1    1    1  1.63804E+14 0.00438 
    3    1    1    1    3    1    1    1    1    1  6.43371E+14 0.00243 
    4    1    1    1    4    1    1    1    1    1  1.53541E+15 0.00164 
    5    1    1    1    5    1    1    1    1    1  2.19419E+15 0.00145 
    6    1    1    1    6    1    1    1    1    1  1.90425E+15 0.00150 
    7    1    1    1    7    1    1    1    1    1  9.93588E+14 0.00194 
    8    1    1    1    8    1    1    1    1    1  3.12999E+14 0.00327 
    9    1    1    1    9    1    1    1    1    1  6.24862E+13 0.00661 
   10    1    1    1   10    1    1    1    1    1  5.27211E+13 0.00618 
   11    1    1    1   11    1    1    1    1    1  3.68816E+14 0.00277 
   12    1    1    1   12    1    1    1    1    1  1.49882E+15 0.00151 
   13    1    1    1   13    1    1    1    1    1  3.48266E+15 0.00106 
   14    1    1    1   14    1    1    1    1    1  4.78547E+15 0.00084 
   15    1    1    1   15    1    1    1    1    1  4.21245E+15 0.00088 
   16    1    1    1   16    1    1    1    1    1  2.30172E+15 0.00120 
   17    1    1    1   17    1    1    1    1    1  7.17964E+14 0.00205 
   18    1    1    1   18    1    1    1    1    1  1.30968E+14 0.00409 
   19    1    1    1   19    1    1    1    1    1  6.78243E+13 0.00563 
   20    1    1    1   20    1    1    1    1    1  4.83915E+14 0.00237 
   21    1    1    1   21    1    1    1    1    1  1.92764E+15 0.00126 
   22    1    1    1   22    1    1    1    1    1  4.22542E+15 0.00086 
   23    1    1    1   23    1    1    1    1    1  5.57954E+15 0.00067 
   24    1    1    1   24    1    1    1    1    1  4.99516E+15 0.00073 
   25    1    1    1   25    1    1    1    1    1  2.88922E+15 0.00109 
   26    1    1    1   26    1    1    1    1    1  9.35312E+14 0.00171 
   27    1    1    1   27    1    1    1    1    1  1.70000E+14 0.00347 
   28    1    1    1   28    1    1    1    1    1  6.70309E+13 0.00531 
   29    1    1    1   29    1    1    1    1    1  4.80123E+14 0.00234 
   30    1    1    1   30    1    1    1    1    1  1.86458E+15 0.00127 
   31    1    1    1   31    1    1    1    1    1  3.85840E+15 0.00084 
   32    1    1    1   32    1    1    1    1    1  4.93690E+15 0.00065 
   33    1    1    1   33    1    1    1    1    1  4.48356E+15 0.00075 
   34    1    1    1   34    1    1    1    1    1  2.73015E+15 0.00109 
   35    1    1    1   35    1    1    1    1    1  9.21289E+14 0.00174 
   36    1    1    1   36    1    1    1    1    1  1.68347E+14 0.00343 
   37    1    1    1   37    1    1    1    1    1  5.48411E+13 0.00570 
   38    1    1    1   38    1    1    1    1    1  3.85676E+14 0.00235 
   39    1    1    1   39    1    1    1    1    1  1.45461E+15 0.00134 
   40    1    1    1   40    1    1    1    1    1  2.94634E+15 0.00094 
   41    1    1    1   41    1    1    1    1    1  3.73898E+15 0.00073 
   42    1    1    1   42    1    1    1    1    1  3.40250E+15 0.00083 
   43    1    1    1   43    1    1    1    1    1  2.10390E+15 0.00114 
   44    1    1    1   44    1    1    1    1    1  7.26539E+14 0.00189 
   45    1    1    1   45    1    1    1    1    1  1.36683E+14 0.00357 
   46    1    1    1   46    1    1    1    1    1  3.80843E+13 0.00615 
   47    1    1    1   47    1    1    1    1    1  2.53712E+14 0.00271 
   48    1    1    1   48    1    1    1    1    1  9.34741E+14 0.00157 
   49    1    1    1   49    1    1    1    1    1  1.95109E+15 0.00108 
   50    1    1    1   50    1    1    1    1    1  2.55256E+15 0.00094 
   51    1    1    1   51    1    1    1    1    1  2.28565E+15 0.00105 
   52    1    1    1   52    1    1    1    1    1  1.35753E+15 0.00131 
   53    1    1    1   53    1    1    1    1    1  4.69990E+14 0.00216 
   54    1    1    1   54    1    1    1    1    1  9.38405E+13 0.00430 
   55    1    1    1   55    1    1    1    1    1  2.37488E+13 0.00781 
   56    1    1    1   56    1    1    1    1    1  1.49973E+14 0.00338 
   57    1    1    1   57    1    1    1    1    1  5.42689E+14 0.00193 
   58    1    1    1   58    1    1    1    1    1  1.16965E+15 0.00137 
   59    1    1    1   59    1    1    1    1    1  1.57031E+15 0.00116 
   60    1    1    1   60    1    1    1    1    1  1.38959E+15 0.00129 
   61    1    1    1   61    1    1    1    1    1  7.97313E+14 0.00160 
   62    1    1    1   62    1    1    1    1    1  2.75712E+14 0.00262 
   63    1    1    1   63    1    1    1    1    1  5.77614E+13 0.00517 
   64    1    1    1   64    1    1    1    1    1  1.38503E+13 0.00968 
   65    1    1    1   65    1    1    1    1    1  8.34597E+13 0.00431 
   66    1    1    1   66    1    1    1    1    1  2.94738E+14 0.00246 
   67    1    1    1   67    1    1    1    1    1  6.36775E+14 0.00170 
   68    1    1    1   68    1    1    1    1    1  8.63047E+14 0.00146 
   69    1    1    1   69    1    1    1    1    1  7.60171E+14 0.00159 
   70    1    1    1   70    1    1    1    1    1  4.31390E+14 0.00191 
   71    1    1    1   71    1    1    1    1    1  1.51654E+14 0.00333 
   72    1    1    1   72    1    1    1    1    1  3.34371E+13 0.00637 
   73    1    1    1   73    1    1    1    1    1  7.77763E+12 0.01265 
   74    1    1    1   74    1    1    1    1    1  4.47616E+13 0.00532 
   75    1    1    1   75    1    1    1    1    1  1.54446E+14 0.00307 
   76    1    1    1   76    1    1    1    1    1  3.29690E+14 0.00217 
   77    1    1    1   77    1    1    1    1    1  4.49010E+14 0.00190 
   78    1    1    1   78    1    1    1    1    1  3.95087E+14 0.00207 
   79    1    1    1   79    1    1    1    1    1  2.25027E+14 0.00249 
   80    1    1    1   80    1    1    1    1    1  8.05461E+13 0.00415 
   81    1    1    1   81    1    1    1    1    1  1.90453E+13 0.00807 
   82    1    1    1   82    1    1    1    1    1  4.33817E+12 0.01661 
   83    1    1    1   83    1    1    1    1    1  2.37866E+13 0.00695 
   84    1    1    1   84    1    1    1    1    1  7.92268E+13 0.00410 
   85    1    1    1   85    1    1    1    1    1  1.67262E+14 0.00298 
   86    1    1    1   86    1    1    1    1    1  2.26080E+14 0.00249 
   87    1    1    1   87    1    1    1    1    1  1.99880E+14 0.00261 
   88    1    1    1   88    1    1    1    1    1  1.14243E+14 0.00324 
   89    1    1    1   89    1    1    1    1    1  4.16924E+13 0.00530 
   90    1    1    1   90    1    1    1    1    1  1.08189E+13 0.01054 
   91    1    1    1   91    1    1    1    1    1  2.48183E+12 0.02164 
   92    1    1    1   92    1    1    1    1    1  1.26346E+13 0.00954 
   93    1    1    1   93    1    1    1    1    1  4.05352E+13 0.00546 
   94    1    1    1   94    1    1    1    1    1  8.31440E+13 0.00399 
   95    1    1    1   95    1    1    1    1    1  1.12870E+14 0.00332 
   96    1    1    1   96    1    1    1    1    1  9.97046E+13 0.00349 
   97    1    1    1   97    1    1    1    1    1  5.74318E+13 0.00444 
   98    1    1    1   98    1    1    1    1    1  2.17393E+13 0.00677 
   99    1    1    1   99    1    1    1    1    1  6.22729E+12 0.01359 
  100    1    1    1  100    1    1    1    1    1  1.43461E+12 0.02513 
  101    1    1    1  101    1    1    1    1    1  6.79854E+12 0.01271 
  102    1    1    1  102    1    1    1    1    1  2.10108E+13 0.00733 
  103    1    1    1  103    1    1    1    1    1  4.22171E+13 0.00500 
  104    1    1    1  104    1    1    1    1    1  5.67222E+13 0.00463 
  105    1    1    1  105    1    1    1    1    1  5.03918E+13 0.00473 
  106    1    1    1  106    1    1    1    1    1  2.95893E+13 0.00622 
  107    1    1    1  107    1    1    1    1    1  1.15359E+13 0.00938 
  108    1    1    1  108    1    1    1    1    1  3.85442E+12 0.01677 
];


