
DETflux = [
    1    1    1    1    1    1    1    1    1    1  2.47760E+13 0.00972 
    2    1    1    1    2    1    1    1    1    1  1.63818E+14 0.00435 
    3    1    1    1    3    1    1    1    1    1  6.44334E+14 0.00241 
    4    1    1    1    4    1    1    1    1    1  1.54002E+15 0.00157 
    5    1    1    1    5    1    1    1    1    1  2.19977E+15 0.00140 
    6    1    1    1    6    1    1    1    1    1  1.90765E+15 0.00149 
    7    1    1    1    7    1    1    1    1    1  9.98789E+14 0.00190 
    8    1    1    1    8    1    1    1    1    1  3.12800E+14 0.00332 
    9    1    1    1    9    1    1    1    1    1  6.22073E+13 0.00690 
   10    1    1    1   10    1    1    1    1    1  5.16832E+13 0.00642 
   11    1    1    1   11    1    1    1    1    1  3.67543E+14 0.00281 
   12    1    1    1   12    1    1    1    1    1  1.50069E+15 0.00158 
   13    1    1    1   13    1    1    1    1    1  3.48831E+15 0.00103 
   14    1    1    1   14    1    1    1    1    1  4.80107E+15 0.00083 
   15    1    1    1   15    1    1    1    1    1  4.22661E+15 0.00095 
   16    1    1    1   16    1    1    1    1    1  2.29587E+15 0.00124 
   17    1    1    1   17    1    1    1    1    1  7.14192E+14 0.00202 
   18    1    1    1   18    1    1    1    1    1  1.31636E+14 0.00436 
   19    1    1    1   19    1    1    1    1    1  6.75727E+13 0.00522 
   20    1    1    1   20    1    1    1    1    1  4.82665E+14 0.00227 
   21    1    1    1   21    1    1    1    1    1  1.93058E+15 0.00131 
   22    1    1    1   22    1    1    1    1    1  4.22691E+15 0.00086 
   23    1    1    1   23    1    1    1    1    1  5.57808E+15 0.00067 
   24    1    1    1   24    1    1    1    1    1  4.99822E+15 0.00076 
   25    1    1    1   25    1    1    1    1    1  2.88283E+15 0.00102 
   26    1    1    1   26    1    1    1    1    1  9.31334E+14 0.00167 
   27    1    1    1   27    1    1    1    1    1  1.69566E+14 0.00347 
   28    1    1    1   28    1    1    1    1    1  6.69484E+13 0.00500 
   29    1    1    1   29    1    1    1    1    1  4.78273E+14 0.00225 
   30    1    1    1   30    1    1    1    1    1  1.86109E+15 0.00131 
   31    1    1    1   31    1    1    1    1    1  3.86248E+15 0.00090 
   32    1    1    1   32    1    1    1    1    1  4.93085E+15 0.00064 
   33    1    1    1   33    1    1    1    1    1  4.47977E+15 0.00074 
   34    1    1    1   34    1    1    1    1    1  2.72684E+15 0.00097 
   35    1    1    1   35    1    1    1    1    1  9.18729E+14 0.00164 
   36    1    1    1   36    1    1    1    1    1  1.68178E+14 0.00345 
   37    1    1    1   37    1    1    1    1    1  5.40708E+13 0.00551 
   38    1    1    1   38    1    1    1    1    1  3.81643E+14 0.00246 
   39    1    1    1   39    1    1    1    1    1  1.45367E+15 0.00143 
   40    1    1    1   40    1    1    1    1    1  2.94703E+15 0.00096 
   41    1    1    1   41    1    1    1    1    1  3.73861E+15 0.00073 
   42    1    1    1   42    1    1    1    1    1  3.40400E+15 0.00088 
   43    1    1    1   43    1    1    1    1    1  2.10266E+15 0.00103 
   44    1    1    1   44    1    1    1    1    1  7.26572E+14 0.00172 
   45    1    1    1   45    1    1    1    1    1  1.37147E+14 0.00379 
   46    1    1    1   46    1    1    1    1    1  3.72965E+13 0.00652 
   47    1    1    1   47    1    1    1    1    1  2.51680E+14 0.00265 
   48    1    1    1   48    1    1    1    1    1  9.31320E+14 0.00154 
   49    1    1    1   49    1    1    1    1    1  1.94796E+15 0.00111 
   50    1    1    1   50    1    1    1    1    1  2.54756E+15 0.00087 
   51    1    1    1   51    1    1    1    1    1  2.29027E+15 0.00101 
   52    1    1    1   52    1    1    1    1    1  1.35877E+15 0.00123 
   53    1    1    1   53    1    1    1    1    1  4.70350E+14 0.00204 
   54    1    1    1   54    1    1    1    1    1  9.27854E+13 0.00425 
   55    1    1    1   55    1    1    1    1    1  2.36116E+13 0.00767 
   56    1    1    1   56    1    1    1    1    1  1.49593E+14 0.00330 
   57    1    1    1   57    1    1    1    1    1  5.41476E+14 0.00188 
   58    1    1    1   58    1    1    1    1    1  1.16645E+15 0.00136 
   59    1    1    1   59    1    1    1    1    1  1.57001E+15 0.00112 
   60    1    1    1   60    1    1    1    1    1  1.38991E+15 0.00123 
   61    1    1    1   61    1    1    1    1    1  7.98014E+14 0.00154 
   62    1    1    1   62    1    1    1    1    1  2.75837E+14 0.00239 
   63    1    1    1   63    1    1    1    1    1  5.71321E+13 0.00506 
   64    1    1    1   64    1    1    1    1    1  1.38896E+13 0.00940 
   65    1    1    1   65    1    1    1    1    1  8.30065E+13 0.00415 
   66    1    1    1   66    1    1    1    1    1  2.93730E+14 0.00234 
   67    1    1    1   67    1    1    1    1    1  6.33175E+14 0.00164 
   68    1    1    1   68    1    1    1    1    1  8.64357E+14 0.00143 
   69    1    1    1   69    1    1    1    1    1  7.61162E+14 0.00160 
   70    1    1    1   70    1    1    1    1    1  4.33380E+14 0.00200 
   71    1    1    1   71    1    1    1    1    1  1.51474E+14 0.00311 
   72    1    1    1   72    1    1    1    1    1  3.34079E+13 0.00621 
   73    1    1    1   73    1    1    1    1    1  7.83639E+12 0.01219 
   74    1    1    1   74    1    1    1    1    1  4.45039E+13 0.00555 
   75    1    1    1   75    1    1    1    1    1  1.53078E+14 0.00308 
   76    1    1    1   76    1    1    1    1    1  3.28952E+14 0.00212 
   77    1    1    1   77    1    1    1    1    1  4.49088E+14 0.00187 
   78    1    1    1   78    1    1    1    1    1  3.95139E+14 0.00202 
   79    1    1    1   79    1    1    1    1    1  2.25315E+14 0.00265 
   80    1    1    1   80    1    1    1    1    1  8.02381E+13 0.00404 
   81    1    1    1   81    1    1    1    1    1  1.89600E+13 0.00814 
   82    1    1    1   82    1    1    1    1    1  4.27513E+12 0.01603 
   83    1    1    1   83    1    1    1    1    1  2.32941E+13 0.00745 
   84    1    1    1   84    1    1    1    1    1  7.82023E+13 0.00402 
   85    1    1    1   85    1    1    1    1    1  1.66318E+14 0.00286 
   86    1    1    1   86    1    1    1    1    1  2.26243E+14 0.00241 
   87    1    1    1   87    1    1    1    1    1  1.99972E+14 0.00272 
   88    1    1    1   88    1    1    1    1    1  1.14666E+14 0.00342 
   89    1    1    1   89    1    1    1    1    1  4.13621E+13 0.00522 
   90    1    1    1   90    1    1    1    1    1  1.09376E+13 0.01020 
   91    1    1    1   91    1    1    1    1    1  2.35025E+12 0.02128 
   92    1    1    1   92    1    1    1    1    1  1.22821E+13 0.00998 
   93    1    1    1   93    1    1    1    1    1  3.96348E+13 0.00547 
   94    1    1    1   94    1    1    1    1    1  8.30773E+13 0.00386 
   95    1    1    1   95    1    1    1    1    1  1.12705E+14 0.00336 
   96    1    1    1   96    1    1    1    1    1  1.00186E+14 0.00369 
   97    1    1    1   97    1    1    1    1    1  5.78344E+13 0.00445 
   98    1    1    1   98    1    1    1    1    1  2.17836E+13 0.00758 
   99    1    1    1   99    1    1    1    1    1  6.23909E+12 0.01280 
  100    1    1    1  100    1    1    1    1    1  1.41396E+12 0.02659 
  101    1    1    1  101    1    1    1    1    1  6.73635E+12 0.01263 
  102    1    1    1  102    1    1    1    1    1  2.05340E+13 0.00705 
  103    1    1    1  103    1    1    1    1    1  4.22297E+13 0.00517 
  104    1    1    1  104    1    1    1    1    1  5.68640E+13 0.00450 
  105    1    1    1  105    1    1    1    1    1  5.06118E+13 0.00474 
  106    1    1    1  106    1    1    1    1    1  2.96535E+13 0.00603 
  107    1    1    1  107    1    1    1    1    1  1.15878E+13 0.00967 
  108    1    1    1  108    1    1    1    1    1  3.83323E+12 0.01652 
];


