
DETflux = [
    1    1    1    1    1    1    1    1    1    1  2.89282E+13 0.00908 
    2    1    1    1    2    1    1    1    1    1  1.92345E+14 0.00424 
    3    1    1    1    3    1    1    1    1    1  7.51448E+14 0.00233 
    4    1    1    1    4    1    1    1    1    1  1.77557E+15 0.00161 
    5    1    1    1    5    1    1    1    1    1  2.52473E+15 0.00129 
    6    1    1    1    6    1    1    1    1    1  2.18883E+15 0.00144 
    7    1    1    1    7    1    1    1    1    1  1.15516E+15 0.00196 
    8    1    1    1    8    1    1    1    1    1  3.60986E+14 0.00298 
    9    1    1    1    9    1    1    1    1    1  7.23884E+13 0.00616 
   10    1    1    1   10    1    1    1    1    1  5.77624E+13 0.00588 
   11    1    1    1   11    1    1    1    1    1  4.03222E+14 0.00269 
   12    1    1    1   12    1    1    1    1    1  1.59360E+15 0.00151 
   13    1    1    1   13    1    1    1    1    1  3.56665E+15 0.00101 
   14    1    1    1   14    1    1    1    1    1  4.80768E+15 0.00077 
   15    1    1    1   15    1    1    1    1    1  4.26455E+15 0.00091 
   16    1    1    1   16    1    1    1    1    1  2.39612E+15 0.00123 
   17    1    1    1   17    1    1    1    1    1  7.69059E+14 0.00203 
   18    1    1    1   18    1    1    1    1    1  1.44867E+14 0.00399 
   19    1    1    1   19    1    1    1    1    1  7.22477E+13 0.00531 
   20    1    1    1   20    1    1    1    1    1  5.11174E+14 0.00225 
   21    1    1    1   21    1    1    1    1    1  1.95721E+15 0.00130 
   22    1    1    1   22    1    1    1    1    1  4.09384E+15 0.00087 
   23    1    1    1   23    1    1    1    1    1  5.27365E+15 0.00068 
   24    1    1    1   24    1    1    1    1    1  4.76952E+15 0.00076 
   25    1    1    1   25    1    1    1    1    1  2.86422E+15 0.00108 
   26    1    1    1   26    1    1    1    1    1  9.62415E+14 0.00183 
   27    1    1    1   27    1    1    1    1    1  1.81237E+14 0.00358 
   28    1    1    1   28    1    1    1    1    1  7.05084E+13 0.00520 
   29    1    1    1   29    1    1    1    1    1  4.95972E+14 0.00219 
   30    1    1    1   30    1    1    1    1    1  1.84120E+15 0.00133 
   31    1    1    1   31    1    1    1    1    1  3.63859E+15 0.00091 
   32    1    1    1   32    1    1    1    1    1  4.54141E+15 0.00070 
   33    1    1    1   33    1    1    1    1    1  4.16265E+15 0.00078 
   34    1    1    1   34    1    1    1    1    1  2.62845E+15 0.00109 
   35    1    1    1   35    1    1    1    1    1  9.23101E+14 0.00181 
   36    1    1    1   36    1    1    1    1    1  1.75723E+14 0.00344 
   37    1    1    1   37    1    1    1    1    1  5.74252E+13 0.00539 
   38    1    1    1   38    1    1    1    1    1  3.90344E+14 0.00237 
   39    1    1    1   39    1    1    1    1    1  1.42085E+15 0.00143 
   40    1    1    1   40    1    1    1    1    1  2.76690E+15 0.00097 
   41    1    1    1   41    1    1    1    1    1  3.43822E+15 0.00076 
   42    1    1    1   42    1    1    1    1    1  3.15443E+15 0.00083 
   43    1    1    1   43    1    1    1    1    1  2.01816E+15 0.00119 
   44    1    1    1   44    1    1    1    1    1  7.22826E+14 0.00193 
   45    1    1    1   45    1    1    1    1    1  1.40283E+14 0.00363 
   46    1    1    1   46    1    1    1    1    1  3.94611E+13 0.00609 
   47    1    1    1   47    1    1    1    1    1  2.57151E+14 0.00281 
   48    1    1    1   48    1    1    1    1    1  9.17369E+14 0.00162 
   49    1    1    1   49    1    1    1    1    1  1.85539E+15 0.00114 
   50    1    1    1   50    1    1    1    1    1  2.39207E+15 0.00093 
   51    1    1    1   51    1    1    1    1    1  2.16567E+15 0.00098 
   52    1    1    1   52    1    1    1    1    1  1.32500E+15 0.00134 
   53    1    1    1   53    1    1    1    1    1  4.70663E+14 0.00220 
   54    1    1    1   54    1    1    1    1    1  9.49752E+13 0.00437 
   55    1    1    1   55    1    1    1    1    1  2.47903E+13 0.00728 
   56    1    1    1   56    1    1    1    1    1  1.52844E+14 0.00329 
   57    1    1    1   57    1    1    1    1    1  5.37740E+14 0.00188 
   58    1    1    1   58    1    1    1    1    1  1.13408E+15 0.00134 
   59    1    1    1   59    1    1    1    1    1  1.50565E+15 0.00116 
   60    1    1    1   60    1    1    1    1    1  1.34488E+15 0.00117 
   61    1    1    1   61    1    1    1    1    1  7.92106E+14 0.00159 
   62    1    1    1   62    1    1    1    1    1  2.77498E+14 0.00264 
   63    1    1    1   63    1    1    1    1    1  5.95279E+13 0.00507 
   64    1    1    1   64    1    1    1    1    1  1.43742E+13 0.00932 
   65    1    1    1   65    1    1    1    1    1  8.56546E+13 0.00412 
   66    1    1    1   66    1    1    1    1    1  2.96009E+14 0.00224 
   67    1    1    1   67    1    1    1    1    1  6.26730E+14 0.00175 
   68    1    1    1   68    1    1    1    1    1  8.46139E+14 0.00148 
   69    1    1    1   69    1    1    1    1    1  7.50029E+14 0.00146 
   70    1    1    1   70    1    1    1    1    1  4.33753E+14 0.00188 
   71    1    1    1   71    1    1    1    1    1  1.54549E+14 0.00328 
   72    1    1    1   72    1    1    1    1    1  3.46772E+13 0.00597 
   73    1    1    1   73    1    1    1    1    1  8.22746E+12 0.01264 
   74    1    1    1   74    1    1    1    1    1  4.63201E+13 0.00543 
   75    1    1    1   75    1    1    1    1    1  1.56036E+14 0.00293 
   76    1    1    1   76    1    1    1    1    1  3.29909E+14 0.00214 
   77    1    1    1   77    1    1    1    1    1  4.47201E+14 0.00185 
   78    1    1    1   78    1    1    1    1    1  3.95877E+14 0.00200 
   79    1    1    1   79    1    1    1    1    1  2.28136E+14 0.00249 
   80    1    1    1   80    1    1    1    1    1  8.24036E+13 0.00413 
   81    1    1    1   81    1    1    1    1    1  2.00228E+13 0.00776 
   82    1    1    1   82    1    1    1    1    1  4.58897E+12 0.01517 
   83    1    1    1   83    1    1    1    1    1  2.46114E+13 0.00705 
   84    1    1    1   84    1    1    1    1    1  8.03526E+13 0.00385 
   85    1    1    1   85    1    1    1    1    1  1.69132E+14 0.00275 
   86    1    1    1   86    1    1    1    1    1  2.28636E+14 0.00243 
   87    1    1    1   87    1    1    1    1    1  2.01851E+14 0.00261 
   88    1    1    1   88    1    1    1    1    1  1.17475E+14 0.00336 
   89    1    1    1   89    1    1    1    1    1  4.35299E+13 0.00530 
   90    1    1    1   90    1    1    1    1    1  1.13345E+13 0.00987 
   91    1    1    1   91    1    1    1    1    1  2.45770E+12 0.02032 
   92    1    1    1   92    1    1    1    1    1  1.31192E+13 0.00929 
   93    1    1    1   93    1    1    1    1    1  4.12114E+13 0.00531 
   94    1    1    1   94    1    1    1    1    1  8.50157E+13 0.00388 
   95    1    1    1   95    1    1    1    1    1  1.14565E+14 0.00339 
   96    1    1    1   96    1    1    1    1    1  1.01518E+14 0.00340 
   97    1    1    1   97    1    1    1    1    1  5.96553E+13 0.00464 
   98    1    1    1   98    1    1    1    1    1  2.28032E+13 0.00712 
   99    1    1    1   99    1    1    1    1    1  6.54914E+12 0.01266 
  100    1    1    1  100    1    1    1    1    1  1.43036E+12 0.02685 
  101    1    1    1  101    1    1    1    1    1  7.20165E+12 0.01253 
  102    1    1    1  102    1    1    1    1    1  2.16564E+13 0.00725 
  103    1    1    1  103    1    1    1    1    1  4.34935E+13 0.00533 
  104    1    1    1  104    1    1    1    1    1  5.80041E+13 0.00463 
  105    1    1    1  105    1    1    1    1    1  5.14072E+13 0.00450 
  106    1    1    1  106    1    1    1    1    1  3.03438E+13 0.00626 
  107    1    1    1  107    1    1    1    1    1  1.22303E+13 0.00923 
  108    1    1    1  108    1    1    1    1    1  4.03050E+12 0.01568 
];


