
DETflux = [
    1    1    1    1    1    1    1    1    1    1  3.40895E+13 0.00853 
    2    1    1    1    2    1    1    1    1    1  2.23967E+14 0.00369 
    3    1    1    1    3    1    1    1    1    1  8.79697E+14 0.00206 
    4    1    1    1    4    1    1    1    1    1  2.07028E+15 0.00139 
    5    1    1    1    5    1    1    1    1    1  2.91603E+15 0.00130 
    6    1    1    1    6    1    1    1    1    1  2.51697E+15 0.00138 
    7    1    1    1    7    1    1    1    1    1  1.34083E+15 0.00178 
    8    1    1    1    8    1    1    1    1    1  4.25630E+14 0.00287 
    9    1    1    1    9    1    1    1    1    1  8.54685E+13 0.00573 
   10    1    1    1   10    1    1    1    1    1  6.44022E+13 0.00563 
   11    1    1    1   11    1    1    1    1    1  4.38457E+14 0.00258 
   12    1    1    1   12    1    1    1    1    1  1.68432E+15 0.00149 
   13    1    1    1   13    1    1    1    1    1  3.65631E+15 0.00094 
   14    1    1    1   14    1    1    1    1    1  4.81678E+15 0.00084 
   15    1    1    1   15    1    1    1    1    1  4.29808E+15 0.00089 
   16    1    1    1   16    1    1    1    1    1  2.48603E+15 0.00123 
   17    1    1    1   17    1    1    1    1    1  8.24150E+14 0.00204 
   18    1    1    1   18    1    1    1    1    1  1.58100E+14 0.00397 
   19    1    1    1   19    1    1    1    1    1  7.89835E+13 0.00501 
   20    1    1    1   20    1    1    1    1    1  5.34069E+14 0.00217 
   21    1    1    1   21    1    1    1    1    1  1.98104E+15 0.00138 
   22    1    1    1   22    1    1    1    1    1  3.97240E+15 0.00089 
   23    1    1    1   23    1    1    1    1    1  4.98790E+15 0.00069 
   24    1    1    1   24    1    1    1    1    1  4.54428E+15 0.00075 
   25    1    1    1   25    1    1    1    1    1  2.82151E+15 0.00107 
   26    1    1    1   26    1    1    1    1    1  9.88804E+14 0.00183 
   27    1    1    1   27    1    1    1    1    1  1.91432E+14 0.00350 
   28    1    1    1   28    1    1    1    1    1  7.52184E+13 0.00486 
   29    1    1    1   29    1    1    1    1    1  5.07415E+14 0.00211 
   30    1    1    1   30    1    1    1    1    1  1.81696E+15 0.00130 
   31    1    1    1   31    1    1    1    1    1  3.44317E+15 0.00090 
   32    1    1    1   32    1    1    1    1    1  4.18913E+15 0.00074 
   33    1    1    1   33    1    1    1    1    1  3.86892E+15 0.00075 
   34    1    1    1   34    1    1    1    1    1  2.52607E+15 0.00110 
   35    1    1    1   35    1    1    1    1    1  9.30284E+14 0.00168 
   36    1    1    1   36    1    1    1    1    1  1.82891E+14 0.00342 
   37    1    1    1   37    1    1    1    1    1  5.97600E+13 0.00513 
   38    1    1    1   38    1    1    1    1    1  3.97205E+14 0.00223 
   39    1    1    1   39    1    1    1    1    1  1.39205E+15 0.00134 
   40    1    1    1   40    1    1    1    1    1  2.61081E+15 0.00093 
   41    1    1    1   41    1    1    1    1    1  3.16832E+15 0.00083 
   42    1    1    1   42    1    1    1    1    1  2.92155E+15 0.00082 
   43    1    1    1   43    1    1    1    1    1  1.92202E+15 0.00116 
   44    1    1    1   44    1    1    1    1    1  7.21227E+14 0.00188 
   45    1    1    1   45    1    1    1    1    1  1.45417E+14 0.00367 
   46    1    1    1   46    1    1    1    1    1  4.06039E+13 0.00600 
   47    1    1    1   47    1    1    1    1    1  2.61065E+14 0.00264 
   48    1    1    1   48    1    1    1    1    1  9.03783E+14 0.00158 
   49    1    1    1   49    1    1    1    1    1  1.77490E+15 0.00107 
   50    1    1    1   50    1    1    1    1    1  2.24121E+15 0.00097 
   51    1    1    1   51    1    1    1    1    1  2.02825E+15 0.00101 
   52    1    1    1   52    1    1    1    1    1  1.27027E+15 0.00130 
   53    1    1    1   53    1    1    1    1    1  4.68462E+14 0.00216 
   54    1    1    1   54    1    1    1    1    1  9.79683E+13 0.00404 
   55    1    1    1   55    1    1    1    1    1  2.51144E+13 0.00709 
   56    1    1    1   56    1    1    1    1    1  1.55951E+14 0.00313 
   57    1    1    1   57    1    1    1    1    1  5.36645E+14 0.00189 
   58    1    1    1   58    1    1    1    1    1  1.09801E+15 0.00141 
   59    1    1    1   59    1    1    1    1    1  1.43715E+15 0.00120 
   60    1    1    1   60    1    1    1    1    1  1.27952E+15 0.00120 
   61    1    1    1   61    1    1    1    1    1  7.64464E+14 0.00157 
   62    1    1    1   62    1    1    1    1    1  2.77538E+14 0.00252 
   63    1    1    1   63    1    1    1    1    1  6.11221E+13 0.00488 
   64    1    1    1   64    1    1    1    1    1  1.50092E+13 0.00940 
   65    1    1    1   65    1    1    1    1    1  8.77169E+13 0.00401 
   66    1    1    1   66    1    1    1    1    1  2.95817E+14 0.00243 
   67    1    1    1   67    1    1    1    1    1  6.17013E+14 0.00172 
   68    1    1    1   68    1    1    1    1    1  8.21744E+14 0.00146 
   69    1    1    1   69    1    1    1    1    1  7.27453E+14 0.00154 
   70    1    1    1   70    1    1    1    1    1  4.24977E+14 0.00190 
   71    1    1    1   71    1    1    1    1    1  1.55457E+14 0.00305 
   72    1    1    1   72    1    1    1    1    1  3.63723E+13 0.00603 
   73    1    1    1   73    1    1    1    1    1  8.49430E+12 0.01172 
   74    1    1    1   74    1    1    1    1    1  4.75697E+13 0.00541 
   75    1    1    1   75    1    1    1    1    1  1.57578E+14 0.00302 
   76    1    1    1   76    1    1    1    1    1  3.28480E+14 0.00219 
   77    1    1    1   77    1    1    1    1    1  4.40699E+14 0.00182 
   78    1    1    1   78    1    1    1    1    1  3.89309E+14 0.00200 
   79    1    1    1   79    1    1    1    1    1  2.25645E+14 0.00248 
   80    1    1    1   80    1    1    1    1    1  8.37542E+13 0.00403 
   81    1    1    1   81    1    1    1    1    1  2.06879E+13 0.00776 
   82    1    1    1   82    1    1    1    1    1  4.74015E+12 0.01557 
   83    1    1    1   83    1    1    1    1    1  2.52875E+13 0.00694 
   84    1    1    1   84    1    1    1    1    1  8.23465E+13 0.00391 
   85    1    1    1   85    1    1    1    1    1  1.70008E+14 0.00287 
   86    1    1    1   86    1    1    1    1    1  2.29610E+14 0.00251 
   87    1    1    1   87    1    1    1    1    1  2.02060E+14 0.00271 
   88    1    1    1   88    1    1    1    1    1  1.18110E+14 0.00341 
   89    1    1    1   89    1    1    1    1    1  4.44781E+13 0.00533 
   90    1    1    1   90    1    1    1    1    1  1.16088E+13 0.00963 
   91    1    1    1   91    1    1    1    1    1  2.58064E+12 0.01868 
   92    1    1    1   92    1    1    1    1    1  1.33569E+13 0.00937 
   93    1    1    1   93    1    1    1    1    1  4.24848E+13 0.00527 
   94    1    1    1   94    1    1    1    1    1  8.68003E+13 0.00370 
   95    1    1    1   95    1    1    1    1    1  1.16835E+14 0.00345 
   96    1    1    1   96    1    1    1    1    1  1.03067E+14 0.00354 
   97    1    1    1   97    1    1    1    1    1  6.04478E+13 0.00443 
   98    1    1    1   98    1    1    1    1    1  2.29693E+13 0.00724 
   99    1    1    1   99    1    1    1    1    1  6.71866E+12 0.01254 
  100    1    1    1  100    1    1    1    1    1  1.49295E+12 0.02555 
  101    1    1    1  101    1    1    1    1    1  7.32852E+12 0.01216 
  102    1    1    1  102    1    1    1    1    1  2.22515E+13 0.00726 
  103    1    1    1  103    1    1    1    1    1  4.44907E+13 0.00503 
  104    1    1    1  104    1    1    1    1    1  5.97689E+13 0.00451 
  105    1    1    1  105    1    1    1    1    1  5.30559E+13 0.00452 
  106    1    1    1  106    1    1    1    1    1  3.12879E+13 0.00588 
  107    1    1    1  107    1    1    1    1    1  1.23590E+13 0.00939 
  108    1    1    1  108    1    1    1    1    1  4.01141E+12 0.01566 
];


