
DETflux = [
    1    1    1    1    1    1    1    1    1    1  2.85305E+13 0.00903 
    2    1    1    1    2    1    1    1    1    1  1.88681E+14 0.00413 
    3    1    1    1    3    1    1    1    1    1  7.42248E+14 0.00241 
    4    1    1    1    4    1    1    1    1    1  1.76421E+15 0.00152 
    5    1    1    1    5    1    1    1    1    1  2.50817E+15 0.00130 
    6    1    1    1    6    1    1    1    1    1  2.17660E+15 0.00140 
    7    1    1    1    7    1    1    1    1    1  1.15539E+15 0.00184 
    8    1    1    1    8    1    1    1    1    1  3.64243E+14 0.00292 
    9    1    1    1    9    1    1    1    1    1  7.34013E+13 0.00638 
   10    1    1    1   10    1    1    1    1    1  5.73724E+13 0.00615 
   11    1    1    1   11    1    1    1    1    1  3.97222E+14 0.00280 
   12    1    1    1   12    1    1    1    1    1  1.58244E+15 0.00156 
   13    1    1    1   13    1    1    1    1    1  3.55689E+15 0.00095 
   14    1    1    1   14    1    1    1    1    1  4.80550E+15 0.00076 
   15    1    1    1   15    1    1    1    1    1  4.26187E+15 0.00083 
   16    1    1    1   16    1    1    1    1    1  2.40512E+15 0.00121 
   17    1    1    1   17    1    1    1    1    1  7.70519E+14 0.00196 
   18    1    1    1   18    1    1    1    1    1  1.44433E+14 0.00412 
   19    1    1    1   19    1    1    1    1    1  7.11532E+13 0.00514 
   20    1    1    1   20    1    1    1    1    1  5.03075E+14 0.00233 
   21    1    1    1   21    1    1    1    1    1  1.94765E+15 0.00135 
   22    1    1    1   22    1    1    1    1    1  4.09138E+15 0.00089 
   23    1    1    1   23    1    1    1    1    1  5.28476E+15 0.00065 
   24    1    1    1   24    1    1    1    1    1  4.77017E+15 0.00077 
   25    1    1    1   25    1    1    1    1    1  2.86951E+15 0.00105 
   26    1    1    1   26    1    1    1    1    1  9.65945E+14 0.00176 
   27    1    1    1   27    1    1    1    1    1  1.81772E+14 0.00352 
   28    1    1    1   28    1    1    1    1    1  6.99795E+13 0.00492 
   29    1    1    1   29    1    1    1    1    1  4.90767E+14 0.00221 
   30    1    1    1   30    1    1    1    1    1  1.83534E+15 0.00133 
   31    1    1    1   31    1    1    1    1    1  3.63665E+15 0.00090 
   32    1    1    1   32    1    1    1    1    1  4.55182E+15 0.00067 
   33    1    1    1   33    1    1    1    1    1  4.16862E+15 0.00081 
   34    1    1    1   34    1    1    1    1    1  2.63263E+15 0.00112 
   35    1    1    1   35    1    1    1    1    1  9.26935E+14 0.00176 
   36    1    1    1   36    1    1    1    1    1  1.76020E+14 0.00347 
   37    1    1    1   37    1    1    1    1    1  5.69282E+13 0.00546 
   38    1    1    1   38    1    1    1    1    1  3.89612E+14 0.00242 
   39    1    1    1   39    1    1    1    1    1  1.42259E+15 0.00136 
   40    1    1    1   40    1    1    1    1    1  2.76604E+15 0.00100 
   41    1    1    1   41    1    1    1    1    1  3.44791E+15 0.00075 
   42    1    1    1   42    1    1    1    1    1  3.16430E+15 0.00086 
   43    1    1    1   43    1    1    1    1    1  2.02142E+15 0.00120 
   44    1    1    1   44    1    1    1    1    1  7.24749E+14 0.00201 
   45    1    1    1   45    1    1    1    1    1  1.40369E+14 0.00388 
   46    1    1    1   46    1    1    1    1    1  3.92177E+13 0.00611 
   47    1    1    1   47    1    1    1    1    1  2.55869E+14 0.00284 
   48    1    1    1   48    1    1    1    1    1  9.16399E+14 0.00170 
   49    1    1    1   49    1    1    1    1    1  1.85932E+15 0.00117 
   50    1    1    1   50    1    1    1    1    1  2.39823E+15 0.00091 
   51    1    1    1   51    1    1    1    1    1  2.16777E+15 0.00097 
   52    1    1    1   52    1    1    1    1    1  1.32345E+15 0.00138 
   53    1    1    1   53    1    1    1    1    1  4.71866E+14 0.00226 
   54    1    1    1   54    1    1    1    1    1  9.57976E+13 0.00406 
   55    1    1    1   55    1    1    1    1    1  2.42805E+13 0.00761 
   56    1    1    1   56    1    1    1    1    1  1.52669E+14 0.00345 
   57    1    1    1   57    1    1    1    1    1  5.38932E+14 0.00198 
   58    1    1    1   58    1    1    1    1    1  1.13614E+15 0.00140 
   59    1    1    1   59    1    1    1    1    1  1.50804E+15 0.00114 
   60    1    1    1   60    1    1    1    1    1  1.34328E+15 0.00118 
   61    1    1    1   61    1    1    1    1    1  7.87670E+14 0.00165 
   62    1    1    1   62    1    1    1    1    1  2.78152E+14 0.00252 
   63    1    1    1   63    1    1    1    1    1  5.93930E+13 0.00498 
   64    1    1    1   64    1    1    1    1    1  1.43248E+13 0.00978 
   65    1    1    1   65    1    1    1    1    1  8.51476E+13 0.00440 
   66    1    1    1   66    1    1    1    1    1  2.96133E+14 0.00252 
   67    1    1    1   67    1    1    1    1    1  6.27753E+14 0.00170 
   68    1    1    1   68    1    1    1    1    1  8.46943E+14 0.00146 
   69    1    1    1   69    1    1    1    1    1  7.49196E+14 0.00149 
   70    1    1    1   70    1    1    1    1    1  4.32144E+14 0.00193 
   71    1    1    1   71    1    1    1    1    1  1.53759E+14 0.00333 
   72    1    1    1   72    1    1    1    1    1  3.48056E+13 0.00622 
   73    1    1    1   73    1    1    1    1    1  8.10713E+12 0.01254 
   74    1    1    1   74    1    1    1    1    1  4.59800E+13 0.00528 
   75    1    1    1   75    1    1    1    1    1  1.56685E+14 0.00312 
   76    1    1    1   76    1    1    1    1    1  3.29893E+14 0.00229 
   77    1    1    1   77    1    1    1    1    1  4.48198E+14 0.00189 
   78    1    1    1   78    1    1    1    1    1  3.95632E+14 0.00186 
   79    1    1    1   79    1    1    1    1    1  2.28411E+14 0.00256 
   80    1    1    1   80    1    1    1    1    1  8.20894E+13 0.00408 
   81    1    1    1   81    1    1    1    1    1  2.02598E+13 0.00792 
   82    1    1    1   82    1    1    1    1    1  4.58848E+12 0.01678 
   83    1    1    1   83    1    1    1    1    1  2.46559E+13 0.00721 
   84    1    1    1   84    1    1    1    1    1  8.09927E+13 0.00396 
   85    1    1    1   85    1    1    1    1    1  1.69483E+14 0.00296 
   86    1    1    1   86    1    1    1    1    1  2.30079E+14 0.00258 
   87    1    1    1   87    1    1    1    1    1  2.03111E+14 0.00256 
   88    1    1    1   88    1    1    1    1    1  1.16947E+14 0.00336 
   89    1    1    1   89    1    1    1    1    1  4.33287E+13 0.00552 
   90    1    1    1   90    1    1    1    1    1  1.13410E+13 0.01053 
   91    1    1    1   91    1    1    1    1    1  2.52305E+12 0.02078 
   92    1    1    1   92    1    1    1    1    1  1.29845E+13 0.00914 
   93    1    1    1   93    1    1    1    1    1  4.15755E+13 0.00541 
   94    1    1    1   94    1    1    1    1    1  8.54964E+13 0.00375 
   95    1    1    1   95    1    1    1    1    1  1.16270E+14 0.00342 
   96    1    1    1   96    1    1    1    1    1  1.02169E+14 0.00344 
   97    1    1    1   97    1    1    1    1    1  5.97148E+13 0.00447 
   98    1    1    1   98    1    1    1    1    1  2.28363E+13 0.00711 
   99    1    1    1   99    1    1    1    1    1  6.39435E+12 0.01306 
  100    1    1    1  100    1    1    1    1    1  1.44525E+12 0.02553 
  101    1    1    1  101    1    1    1    1    1  7.00768E+12 0.01254 
  102    1    1    1  102    1    1    1    1    1  2.15923E+13 0.00719 
  103    1    1    1  103    1    1    1    1    1  4.34276E+13 0.00533 
  104    1    1    1  104    1    1    1    1    1  5.83896E+13 0.00475 
  105    1    1    1  105    1    1    1    1    1  5.24471E+13 0.00476 
  106    1    1    1  106    1    1    1    1    1  3.06947E+13 0.00590 
  107    1    1    1  107    1    1    1    1    1  1.19826E+13 0.00967 
  108    1    1    1  108    1    1    1    1    1  3.88618E+12 0.01669 
];


