
DETflux = [
    1    1    1    1    1    1    1    1    1    1  2.11838E+13 0.01124 
    2    1    1    1    2    1    1    1    1    1  1.39068E+14 0.00462 
    3    1    1    1    3    1    1    1    1    1  5.52354E+14 0.00255 
    4    1    1    1    4    1    1    1    1    1  1.33869E+15 0.00172 
    5    1    1    1    5    1    1    1    1    1  1.92570E+15 0.00146 
    6    1    1    1    6    1    1    1    1    1  1.66220E+15 0.00157 
    7    1    1    1    7    1    1    1    1    1  8.64974E+14 0.00206 
    8    1    1    1    8    1    1    1    1    1  2.69203E+14 0.00340 
    9    1    1    1    9    1    1    1    1    1  5.42226E+13 0.00705 
   10    1    1    1   10    1    1    1    1    1  4.66083E+13 0.00666 
   11    1    1    1   11    1    1    1    1    1  3.35241E+14 0.00280 
   12    1    1    1   12    1    1    1    1    1  1.40311E+15 0.00158 
   13    1    1    1   13    1    1    1    1    1  3.37676E+15 0.00100 
   14    1    1    1   14    1    1    1    1    1  4.77039E+15 0.00085 
   15    1    1    1   15    1    1    1    1    1  4.15582E+15 0.00093 
   16    1    1    1   16    1    1    1    1    1  2.19650E+15 0.00119 
   17    1    1    1   17    1    1    1    1    1  6.61798E+14 0.00202 
   18    1    1    1   18    1    1    1    1    1  1.19539E+14 0.00464 
   19    1    1    1   19    1    1    1    1    1  6.10734E+13 0.00542 
   20    1    1    1   20    1    1    1    1    1  4.55013E+14 0.00238 
   21    1    1    1   21    1    1    1    1    1  1.89354E+15 0.00130 
   22    1    1    1   22    1    1    1    1    1  4.33975E+15 0.00081 
   23    1    1    1   23    1    1    1    1    1  5.91015E+15 0.00062 
   24    1    1    1   24    1    1    1    1    1  5.24162E+15 0.00072 
   25    1    1    1   25    1    1    1    1    1  2.90093E+15 0.00102 
   26    1    1    1   26    1    1    1    1    1  8.97262E+14 0.00177 
   27    1    1    1   27    1    1    1    1    1  1.58256E+14 0.00390 
   28    1    1    1   28    1    1    1    1    1  6.22009E+13 0.00517 
   29    1    1    1   29    1    1    1    1    1  4.64062E+14 0.00217 
   30    1    1    1   30    1    1    1    1    1  1.88193E+15 0.00124 
   31    1    1    1   31    1    1    1    1    1  4.08735E+15 0.00080 
   32    1    1    1   32    1    1    1    1    1  5.38196E+15 0.00061 
   33    1    1    1   33    1    1    1    1    1  4.84872E+15 0.00068 
   34    1    1    1   34    1    1    1    1    1  2.81989E+15 0.00104 
   35    1    1    1   35    1    1    1    1    1  9.03498E+14 0.00169 
   36    1    1    1   36    1    1    1    1    1  1.59500E+14 0.00353 
   37    1    1    1   37    1    1    1    1    1  5.15227E+13 0.00562 
   38    1    1    1   38    1    1    1    1    1  3.74388E+14 0.00239 
   39    1    1    1   39    1    1    1    1    1  1.47786E+15 0.00140 
   40    1    1    1   40    1    1    1    1    1  3.13703E+15 0.00084 
   41    1    1    1   41    1    1    1    1    1  4.08863E+15 0.00068 
   42    1    1    1   42    1    1    1    1    1  3.70185E+15 0.00077 
   43    1    1    1   43    1    1    1    1    1  2.20106E+15 0.00109 
   44    1    1    1   44    1    1    1    1    1  7.27954E+14 0.00187 
   45    1    1    1   45    1    1    1    1    1  1.31461E+14 0.00385 
   46    1    1    1   46    1    1    1    1    1  3.58801E+13 0.00638 
   47    1    1    1   47    1    1    1    1    1  2.46461E+14 0.00287 
   48    1    1    1   48    1    1    1    1    1  9.40451E+14 0.00163 
   49    1    1    1   49    1    1    1    1    1  2.03931E+15 0.00103 
   50    1    1    1   50    1    1    1    1    1  2.73103E+15 0.00079 
   51    1    1    1   51    1    1    1    1    1  2.44139E+15 0.00090 
   52    1    1    1   52    1    1    1    1    1  1.40738E+15 0.00133 
   53    1    1    1   53    1    1    1    1    1  4.69356E+14 0.00210 
   54    1    1    1   54    1    1    1    1    1  9.03630E+13 0.00442 
   55    1    1    1   55    1    1    1    1    1  2.25992E+13 0.00770 
   56    1    1    1   56    1    1    1    1    1  1.45449E+14 0.00338 
   57    1    1    1   57    1    1    1    1    1  5.39199E+14 0.00184 
   58    1    1    1   58    1    1    1    1    1  1.19541E+15 0.00127 
   59    1    1    1   59    1    1    1    1    1  1.63724E+15 0.00107 
   60    1    1    1   60    1    1    1    1    1  1.44939E+15 0.00115 
   61    1    1    1   61    1    1    1    1    1  8.13573E+14 0.00161 
   62    1    1    1   62    1    1    1    1    1  2.71382E+14 0.00251 
   63    1    1    1   63    1    1    1    1    1  5.57671E+13 0.00530 
   64    1    1    1   64    1    1    1    1    1  1.31654E+13 0.00977 
   65    1    1    1   65    1    1    1    1    1  8.04019E+13 0.00412 
   66    1    1    1   66    1    1    1    1    1  2.88983E+14 0.00238 
   67    1    1    1   67    1    1    1    1    1  6.38790E+14 0.00160 
   68    1    1    1   68    1    1    1    1    1  8.78759E+14 0.00138 
   69    1    1    1   69    1    1    1    1    1  7.76805E+14 0.00155 
   70    1    1    1   70    1    1    1    1    1  4.34850E+14 0.00205 
   71    1    1    1   71    1    1    1    1    1  1.47673E+14 0.00312 
   72    1    1    1   72    1    1    1    1    1  3.25650E+13 0.00658 
   73    1    1    1   73    1    1    1    1    1  7.34447E+12 0.01279 
   74    1    1    1   74    1    1    1    1    1  4.31800E+13 0.00548 
   75    1    1    1   75    1    1    1    1    1  1.49595E+14 0.00303 
   76    1    1    1   76    1    1    1    1    1  3.26017E+14 0.00215 
   77    1    1    1   77    1    1    1    1    1  4.49012E+14 0.00184 
   78    1    1    1   78    1    1    1    1    1  3.95198E+14 0.00205 
   79    1    1    1   79    1    1    1    1    1  2.23058E+14 0.00265 
   80    1    1    1   80    1    1    1    1    1  7.77427E+13 0.00416 
   81    1    1    1   81    1    1    1    1    1  1.81916E+13 0.00858 
   82    1    1    1   82    1    1    1    1    1  4.04065E+12 0.01657 
   83    1    1    1   83    1    1    1    1    1  2.30138E+13 0.00755 
   84    1    1    1   84    1    1    1    1    1  7.59434E+13 0.00413 
   85    1    1    1   85    1    1    1    1    1  1.62443E+14 0.00287 
   86    1    1    1   86    1    1    1    1    1  2.23068E+14 0.00254 
   87    1    1    1   87    1    1    1    1    1  1.97866E+14 0.00266 
   88    1    1    1   88    1    1    1    1    1  1.12222E+14 0.00351 
   89    1    1    1   89    1    1    1    1    1  4.03723E+13 0.00568 
   90    1    1    1   90    1    1    1    1    1  1.01606E+13 0.01106 
   91    1    1    1   91    1    1    1    1    1  2.27224E+12 0.02176 
   92    1    1    1   92    1    1    1    1    1  1.20436E+13 0.01012 
   93    1    1    1   93    1    1    1    1    1  3.83230E+13 0.00572 
   94    1    1    1   94    1    1    1    1    1  7.99788E+13 0.00396 
   95    1    1    1   95    1    1    1    1    1  1.08926E+14 0.00338 
   96    1    1    1   96    1    1    1    1    1  9.71063E+13 0.00379 
   97    1    1    1   97    1    1    1    1    1  5.58289E+13 0.00467 
   98    1    1    1   98    1    1    1    1    1  2.08653E+13 0.00770 
   99    1    1    1   99    1    1    1    1    1  5.89818E+12 0.01358 
  100    1    1    1  100    1    1    1    1    1  1.30846E+12 0.02746 
  101    1    1    1  101    1    1    1    1    1  6.42439E+12 0.01342 
  102    1    1    1  102    1    1    1    1    1  1.95037E+13 0.00780 
  103    1    1    1  103    1    1    1    1    1  4.01676E+13 0.00520 
  104    1    1    1  104    1    1    1    1    1  5.40337E+13 0.00468 
  105    1    1    1  105    1    1    1    1    1  4.84461E+13 0.00489 
  106    1    1    1  106    1    1    1    1    1  2.84015E+13 0.00633 
  107    1    1    1  107    1    1    1    1    1  1.09972E+13 0.01026 
  108    1    1    1  108    1    1    1    1    1  3.58878E+12 0.01683 
];


