
DETflux = [
    1    1    1    1    1    1    1    1    1    1  2.86817E+13 0.00937 
    2    1    1    1    2    1    1    1    1    1  1.89678E+14 0.00409 
    3    1    1    1    3    1    1    1    1    1  7.48177E+14 0.00224 
    4    1    1    1    4    1    1    1    1    1  1.75887E+15 0.00158 
    5    1    1    1    5    1    1    1    1    1  2.51115E+15 0.00129 
    6    1    1    1    6    1    1    1    1    1  2.18295E+15 0.00136 
    7    1    1    1    7    1    1    1    1    1  1.15493E+15 0.00185 
    8    1    1    1    8    1    1    1    1    1  3.61569E+14 0.00308 
    9    1    1    1    9    1    1    1    1    1  7.19740E+13 0.00613 
   10    1    1    1   10    1    1    1    1    1  5.75853E+13 0.00629 
   11    1    1    1   11    1    1    1    1    1  3.99496E+14 0.00268 
   12    1    1    1   12    1    1    1    1    1  1.58294E+15 0.00151 
   13    1    1    1   13    1    1    1    1    1  3.55141E+15 0.00108 
   14    1    1    1   14    1    1    1    1    1  4.80088E+15 0.00081 
   15    1    1    1   15    1    1    1    1    1  4.25802E+15 0.00089 
   16    1    1    1   16    1    1    1    1    1  2.39308E+15 0.00127 
   17    1    1    1   17    1    1    1    1    1  7.70499E+14 0.00200 
   18    1    1    1   18    1    1    1    1    1  1.44502E+14 0.00407 
   19    1    1    1   19    1    1    1    1    1  7.27272E+13 0.00523 
   20    1    1    1   20    1    1    1    1    1  5.07462E+14 0.00226 
   21    1    1    1   21    1    1    1    1    1  1.95148E+15 0.00132 
   22    1    1    1   22    1    1    1    1    1  4.09349E+15 0.00087 
   23    1    1    1   23    1    1    1    1    1  5.27474E+15 0.00062 
   24    1    1    1   24    1    1    1    1    1  4.75730E+15 0.00079 
   25    1    1    1   25    1    1    1    1    1  2.86033E+15 0.00114 
   26    1    1    1   26    1    1    1    1    1  9.64563E+14 0.00182 
   27    1    1    1   27    1    1    1    1    1  1.81223E+14 0.00352 
   28    1    1    1   28    1    1    1    1    1  7.16344E+13 0.00504 
   29    1    1    1   29    1    1    1    1    1  4.95544E+14 0.00213 
   30    1    1    1   30    1    1    1    1    1  1.84427E+15 0.00129 
   31    1    1    1   31    1    1    1    1    1  3.64821E+15 0.00080 
   32    1    1    1   32    1    1    1    1    1  4.55059E+15 0.00069 
   33    1    1    1   33    1    1    1    1    1  4.15878E+15 0.00079 
   34    1    1    1   34    1    1    1    1    1  2.62616E+15 0.00112 
   35    1    1    1   35    1    1    1    1    1  9.20247E+14 0.00176 
   36    1    1    1   36    1    1    1    1    1  1.75366E+14 0.00348 
   37    1    1    1   37    1    1    1    1    1  5.76627E+13 0.00549 
   38    1    1    1   38    1    1    1    1    1  3.94691E+14 0.00236 
   39    1    1    1   39    1    1    1    1    1  1.42968E+15 0.00138 
   40    1    1    1   40    1    1    1    1    1  2.77858E+15 0.00094 
   41    1    1    1   41    1    1    1    1    1  3.45464E+15 0.00077 
   42    1    1    1   42    1    1    1    1    1  3.16017E+15 0.00086 
   43    1    1    1   43    1    1    1    1    1  2.01586E+15 0.00118 
   44    1    1    1   44    1    1    1    1    1  7.24185E+14 0.00182 
   45    1    1    1   45    1    1    1    1    1  1.40880E+14 0.00357 
   46    1    1    1   46    1    1    1    1    1  3.97609E+13 0.00625 
   47    1    1    1   47    1    1    1    1    1  2.59343E+14 0.00284 
   48    1    1    1   48    1    1    1    1    1  9.24407E+14 0.00168 
   49    1    1    1   49    1    1    1    1    1  1.86778E+15 0.00109 
   50    1    1    1   50    1    1    1    1    1  2.40453E+15 0.00091 
   51    1    1    1   51    1    1    1    1    1  2.16373E+15 0.00102 
   52    1    1    1   52    1    1    1    1    1  1.32155E+15 0.00135 
   53    1    1    1   53    1    1    1    1    1  4.69591E+14 0.00209 
   54    1    1    1   54    1    1    1    1    1  9.52908E+13 0.00399 
   55    1    1    1   55    1    1    1    1    1  2.46563E+13 0.00734 
   56    1    1    1   56    1    1    1    1    1  1.54648E+14 0.00340 
   57    1    1    1   57    1    1    1    1    1  5.43338E+14 0.00204 
   58    1    1    1   58    1    1    1    1    1  1.13721E+15 0.00137 
   59    1    1    1   59    1    1    1    1    1  1.51213E+15 0.00113 
   60    1    1    1   60    1    1    1    1    1  1.34293E+15 0.00131 
   61    1    1    1   61    1    1    1    1    1  7.86968E+14 0.00159 
   62    1    1    1   62    1    1    1    1    1  2.75915E+14 0.00255 
   63    1    1    1   63    1    1    1    1    1  5.83630E+13 0.00499 
   64    1    1    1   64    1    1    1    1    1  1.46052E+13 0.00916 
   65    1    1    1   65    1    1    1    1    1  8.69537E+13 0.00425 
   66    1    1    1   66    1    1    1    1    1  2.97608E+14 0.00249 
   67    1    1    1   67    1    1    1    1    1  6.28935E+14 0.00170 
   68    1    1    1   68    1    1    1    1    1  8.49106E+14 0.00144 
   69    1    1    1   69    1    1    1    1    1  7.49521E+14 0.00156 
   70    1    1    1   70    1    1    1    1    1  4.33223E+14 0.00195 
   71    1    1    1   71    1    1    1    1    1  1.53383E+14 0.00307 
   72    1    1    1   72    1    1    1    1    1  3.41219E+13 0.00623 
   73    1    1    1   73    1    1    1    1    1  8.29364E+12 0.01195 
   74    1    1    1   74    1    1    1    1    1  4.71042E+13 0.00550 
   75    1    1    1   75    1    1    1    1    1  1.57302E+14 0.00308 
   76    1    1    1   76    1    1    1    1    1  3.30283E+14 0.00220 
   77    1    1    1   77    1    1    1    1    1  4.48306E+14 0.00192 
   78    1    1    1   78    1    1    1    1    1  3.95907E+14 0.00198 
   79    1    1    1   79    1    1    1    1    1  2.27373E+14 0.00251 
   80    1    1    1   80    1    1    1    1    1  8.24395E+13 0.00413 
   81    1    1    1   81    1    1    1    1    1  1.95685E+13 0.00792 
   82    1    1    1   82    1    1    1    1    1  4.62059E+12 0.01539 
   83    1    1    1   83    1    1    1    1    1  2.48758E+13 0.00713 
   84    1    1    1   84    1    1    1    1    1  8.14410E+13 0.00428 
   85    1    1    1   85    1    1    1    1    1  1.69052E+14 0.00277 
   86    1    1    1   86    1    1    1    1    1  2.29254E+14 0.00246 
   87    1    1    1   87    1    1    1    1    1  2.02872E+14 0.00264 
   88    1    1    1   88    1    1    1    1    1  1.17092E+14 0.00342 
   89    1    1    1   89    1    1    1    1    1  4.33472E+13 0.00539 
   90    1    1    1   90    1    1    1    1    1  1.13212E+13 0.01000 
   91    1    1    1   91    1    1    1    1    1  2.57328E+12 0.02064 
   92    1    1    1   92    1    1    1    1    1  1.31231E+13 0.00920 
   93    1    1    1   93    1    1    1    1    1  4.13765E+13 0.00572 
   94    1    1    1   94    1    1    1    1    1  8.50498E+13 0.00361 
   95    1    1    1   95    1    1    1    1    1  1.15447E+14 0.00330 
   96    1    1    1   96    1    1    1    1    1  1.02109E+14 0.00349 
   97    1    1    1   97    1    1    1    1    1  5.94484E+13 0.00449 
   98    1    1    1   98    1    1    1    1    1  2.28124E+13 0.00706 
   99    1    1    1   99    1    1    1    1    1  6.56855E+12 0.01305 
  100    1    1    1  100    1    1    1    1    1  1.49316E+12 0.02535 
  101    1    1    1  101    1    1    1    1    1  7.10449E+12 0.01233 
  102    1    1    1  102    1    1    1    1    1  2.14983E+13 0.00744 
  103    1    1    1  103    1    1    1    1    1  4.38567E+13 0.00493 
  104    1    1    1  104    1    1    1    1    1  5.81967E+13 0.00431 
  105    1    1    1  105    1    1    1    1    1  5.18567E+13 0.00481 
  106    1    1    1  106    1    1    1    1    1  3.10863E+13 0.00614 
  107    1    1    1  107    1    1    1    1    1  1.23072E+13 0.00973 
  108    1    1    1  108    1    1    1    1    1  3.96969E+12 0.01526 
];


