
DETflux = [
    1    1    1    1    1    1    1    1    1    1  2.10643E+13 0.01080 
    2    1    1    1    2    1    1    1    1    1  1.39130E+14 0.00467 
    3    1    1    1    3    1    1    1    1    1  5.50659E+14 0.00257 
    4    1    1    1    4    1    1    1    1    1  1.33131E+15 0.00172 
    5    1    1    1    5    1    1    1    1    1  1.92569E+15 0.00150 
    6    1    1    1    6    1    1    1    1    1  1.66967E+15 0.00163 
    7    1    1    1    7    1    1    1    1    1  8.66657E+14 0.00213 
    8    1    1    1    8    1    1    1    1    1  2.68767E+14 0.00346 
    9    1    1    1    9    1    1    1    1    1  5.39645E+13 0.00691 
   10    1    1    1   10    1    1    1    1    1  4.60578E+13 0.00674 
   11    1    1    1   11    1    1    1    1    1  3.33024E+14 0.00283 
   12    1    1    1   12    1    1    1    1    1  1.40076E+15 0.00164 
   13    1    1    1   13    1    1    1    1    1  3.37479E+15 0.00108 
   14    1    1    1   14    1    1    1    1    1  4.76638E+15 0.00087 
   15    1    1    1   15    1    1    1    1    1  4.16101E+15 0.00091 
   16    1    1    1   16    1    1    1    1    1  2.19369E+15 0.00138 
   17    1    1    1   17    1    1    1    1    1  6.61285E+14 0.00225 
   18    1    1    1   18    1    1    1    1    1  1.18768E+14 0.00460 
   19    1    1    1   19    1    1    1    1    1  6.17122E+13 0.00569 
   20    1    1    1   20    1    1    1    1    1  4.54556E+14 0.00245 
   21    1    1    1   21    1    1    1    1    1  1.88756E+15 0.00140 
   22    1    1    1   22    1    1    1    1    1  4.34107E+15 0.00088 
   23    1    1    1   23    1    1    1    1    1  5.91947E+15 0.00065 
   24    1    1    1   24    1    1    1    1    1  5.23365E+15 0.00070 
   25    1    1    1   25    1    1    1    1    1  2.90330E+15 0.00113 
   26    1    1    1   26    1    1    1    1    1  8.96624E+14 0.00196 
   27    1    1    1   27    1    1    1    1    1  1.57904E+14 0.00371 
   28    1    1    1   28    1    1    1    1    1  6.26026E+13 0.00558 
   29    1    1    1   29    1    1    1    1    1  4.63166E+14 0.00247 
   30    1    1    1   30    1    1    1    1    1  1.87265E+15 0.00136 
   31    1    1    1   31    1    1    1    1    1  4.09262E+15 0.00088 
   32    1    1    1   32    1    1    1    1    1  5.39008E+15 0.00060 
   33    1    1    1   33    1    1    1    1    1  4.84027E+15 0.00070 
   34    1    1    1   34    1    1    1    1    1  2.81964E+15 0.00105 
   35    1    1    1   35    1    1    1    1    1  9.06435E+14 0.00180 
   36    1    1    1   36    1    1    1    1    1  1.60311E+14 0.00365 
   37    1    1    1   37    1    1    1    1    1  5.17610E+13 0.00586 
   38    1    1    1   38    1    1    1    1    1  3.75673E+14 0.00257 
   39    1    1    1   39    1    1    1    1    1  1.47804E+15 0.00140 
   40    1    1    1   40    1    1    1    1    1  3.13799E+15 0.00095 
   41    1    1    1   41    1    1    1    1    1  4.09556E+15 0.00069 
   42    1    1    1   42    1    1    1    1    1  3.69383E+15 0.00081 
   43    1    1    1   43    1    1    1    1    1  2.19247E+15 0.00118 
   44    1    1    1   44    1    1    1    1    1  7.26880E+14 0.00182 
   45    1    1    1   45    1    1    1    1    1  1.31213E+14 0.00379 
   46    1    1    1   46    1    1    1    1    1  3.60540E+13 0.00677 
   47    1    1    1   47    1    1    1    1    1  2.47842E+14 0.00285 
   48    1    1    1   48    1    1    1    1    1  9.42608E+14 0.00161 
   49    1    1    1   49    1    1    1    1    1  2.04415E+15 0.00111 
   50    1    1    1   50    1    1    1    1    1  2.73559E+15 0.00084 
   51    1    1    1   51    1    1    1    1    1  2.44001E+15 0.00097 
   52    1    1    1   52    1    1    1    1    1  1.40434E+15 0.00133 
   53    1    1    1   53    1    1    1    1    1  4.68374E+14 0.00219 
   54    1    1    1   54    1    1    1    1    1  8.94001E+13 0.00424 
   55    1    1    1   55    1    1    1    1    1  2.25441E+13 0.00815 
   56    1    1    1   56    1    1    1    1    1  1.45634E+14 0.00345 
   57    1    1    1   57    1    1    1    1    1  5.39119E+14 0.00196 
   58    1    1    1   58    1    1    1    1    1  1.19948E+15 0.00132 
   59    1    1    1   59    1    1    1    1    1  1.64254E+15 0.00111 
   60    1    1    1   60    1    1    1    1    1  1.45069E+15 0.00120 
   61    1    1    1   61    1    1    1    1    1  8.12387E+14 0.00161 
   62    1    1    1   62    1    1    1    1    1  2.71900E+14 0.00259 
   63    1    1    1   63    1    1    1    1    1  5.52918E+13 0.00521 
   64    1    1    1   64    1    1    1    1    1  1.30888E+13 0.01013 
   65    1    1    1   65    1    1    1    1    1  8.06168E+13 0.00436 
   66    1    1    1   66    1    1    1    1    1  2.89920E+14 0.00249 
   67    1    1    1   67    1    1    1    1    1  6.40983E+14 0.00162 
   68    1    1    1   68    1    1    1    1    1  8.83869E+14 0.00142 
   69    1    1    1   69    1    1    1    1    1  7.76654E+14 0.00144 
   70    1    1    1   70    1    1    1    1    1  4.33449E+14 0.00204 
   71    1    1    1   71    1    1    1    1    1  1.47432E+14 0.00321 
   72    1    1    1   72    1    1    1    1    1  3.25303E+13 0.00666 
   73    1    1    1   73    1    1    1    1    1  7.49861E+12 0.01265 
   74    1    1    1   74    1    1    1    1    1  4.29919E+13 0.00556 
   75    1    1    1   75    1    1    1    1    1  1.49554E+14 0.00316 
   76    1    1    1   76    1    1    1    1    1  3.26829E+14 0.00208 
   77    1    1    1   77    1    1    1    1    1  4.50565E+14 0.00192 
   78    1    1    1   78    1    1    1    1    1  3.95353E+14 0.00198 
   79    1    1    1   79    1    1    1    1    1  2.21895E+14 0.00264 
   80    1    1    1   80    1    1    1    1    1  7.77249E+13 0.00412 
   81    1    1    1   81    1    1    1    1    1  1.83954E+13 0.00821 
   82    1    1    1   82    1    1    1    1    1  4.05471E+12 0.01652 
   83    1    1    1   83    1    1    1    1    1  2.26692E+13 0.00711 
   84    1    1    1   84    1    1    1    1    1  7.64080E+13 0.00410 
   85    1    1    1   85    1    1    1    1    1  1.63051E+14 0.00286 
   86    1    1    1   86    1    1    1    1    1  2.23942E+14 0.00250 
   87    1    1    1   87    1    1    1    1    1  1.97204E+14 0.00260 
   88    1    1    1   88    1    1    1    1    1  1.11745E+14 0.00356 
   89    1    1    1   89    1    1    1    1    1  4.04079E+13 0.00574 
   90    1    1    1   90    1    1    1    1    1  1.04279E+13 0.01068 
   91    1    1    1   91    1    1    1    1    1  2.23320E+12 0.02176 
   92    1    1    1   92    1    1    1    1    1  1.18271E+13 0.01001 
   93    1    1    1   93    1    1    1    1    1  3.88529E+13 0.00556 
   94    1    1    1   94    1    1    1    1    1  8.06730E+13 0.00392 
   95    1    1    1   95    1    1    1    1    1  1.10073E+14 0.00340 
   96    1    1    1   96    1    1    1    1    1  9.68075E+13 0.00344 
   97    1    1    1   97    1    1    1    1    1  5.57048E+13 0.00484 
   98    1    1    1   98    1    1    1    1    1  2.06378E+13 0.00767 
   99    1    1    1   99    1    1    1    1    1  5.99268E+12 0.01301 
  100    1    1    1  100    1    1    1    1    1  1.29871E+12 0.02823 
  101    1    1    1  101    1    1    1    1    1  6.55350E+12 0.01261 
  102    1    1    1  102    1    1    1    1    1  1.97304E+13 0.00744 
  103    1    1    1  103    1    1    1    1    1  4.04329E+13 0.00541 
  104    1    1    1  104    1    1    1    1    1  5.45406E+13 0.00459 
  105    1    1    1  105    1    1    1    1    1  4.81146E+13 0.00491 
  106    1    1    1  106    1    1    1    1    1  2.85336E+13 0.00646 
  107    1    1    1  107    1    1    1    1    1  1.11322E+13 0.00964 
  108    1    1    1  108    1    1    1    1    1  3.58992E+12 0.01685 
];


