
DETtritium = [
    1    1    1    1    1    1    1    1    1    1  2.74387E+13 0.01064 
    2    1    1    1    2    1    1    1    1    1  1.69224E+14 0.00444 
    3    1    1    1    3    1    1    1    1    1  6.75710E+14 0.00246 
    4    1    1    1    4    1    1    1    1    1  2.04939E+15 0.00172 
    5    1    1    1    5    1    1    1    1    1  3.93121E+15 0.00144 
    6    1    1    1    6    1    1    1    1    1  4.68931E+15 0.00152 
    7    1    1    1    7    1    1    1    1    1  3.26401E+15 0.00203 
    8    1    1    1    8    1    1    1    1    1  1.16686E+15 0.00329 
    9    1    1    1    9    1    1    1    1    1  3.15056E+14 0.01084 
   10    1    1    1   10    1    1    1    1    1  5.47901E+13 0.00678 
   11    1    1    1   11    1    1    1    1    1  3.54114E+14 0.00286 
   12    1    1    1   12    1    1    1    1    1  1.41051E+15 0.00151 
   13    1    1    1   13    1    1    1    1    1  4.06025E+15 0.00104 
   14    1    1    1   14    1    1    1    1    1  7.43474E+15 0.00084 
   15    1    1    1   15    1    1    1    1    1  9.02910E+15 0.00087 
   16    1    1    1   16    1    1    1    1    1  6.67625E+15 0.00129 
   17    1    1    1   17    1    1    1    1    1  2.44033E+15 0.00220 
   18    1    1    1   18    1    1    1    1    1  5.47884E+14 0.00536 
   19    1    1    1   19    1    1    1    1    1  6.82850E+13 0.00568 
   20    1    1    1   20    1    1    1    1    1  4.50148E+14 0.00238 
   21    1    1    1   21    1    1    1    1    1  1.75086E+15 0.00132 
   22    1    1    1   22    1    1    1    1    1  4.71601E+15 0.00091 
   23    1    1    1   23    1    1    1    1    1  8.31160E+15 0.00070 
   24    1    1    1   24    1    1    1    1    1  1.02698E+16 0.00076 
   25    1    1    1   25    1    1    1    1    1  8.01772E+15 0.00111 
   26    1    1    1   26    1    1    1    1    1  3.07741E+15 0.00181 
   27    1    1    1   27    1    1    1    1    1  6.81690E+14 0.00469 
   28    1    1    1   28    1    1    1    1    1  6.72889E+13 0.00564 
   29    1    1    1   29    1    1    1    1    1  4.39500E+14 0.00240 
   30    1    1    1   30    1    1    1    1    1  1.66702E+15 0.00138 
   31    1    1    1   31    1    1    1    1    1  4.31580E+15 0.00087 
   32    1    1    1   32    1    1    1    1    1  7.45378E+15 0.00070 
   33    1    1    1   33    1    1    1    1    1  9.29992E+15 0.00074 
   34    1    1    1   34    1    1    1    1    1  7.50220E+15 0.00108 
   35    1    1    1   35    1    1    1    1    1  2.97507E+15 0.00179 
   36    1    1    1   36    1    1    1    1    1  6.62349E+14 0.00469 
   37    1    1    1   37    1    1    1    1    1  5.50088E+13 0.00590 
   38    1    1    1   38    1    1    1    1    1  3.50601E+14 0.00242 
   39    1    1    1   39    1    1    1    1    1  1.31712E+15 0.00147 
   40    1    1    1   40    1    1    1    1    1  3.39231E+15 0.00093 
   41    1    1    1   41    1    1    1    1    1  5.87496E+15 0.00077 
   42    1    1    1   42    1    1    1    1    1  7.32473E+15 0.00090 
   43    1    1    1   43    1    1    1    1    1  5.91313E+15 0.00119 
   44    1    1    1   44    1    1    1    1    1  2.36516E+15 0.00196 
   45    1    1    1   45    1    1    1    1    1  5.39354E+14 0.00491 
   46    1    1    1   46    1    1    1    1    1  3.92462E+13 0.00671 
   47    1    1    1   47    1    1    1    1    1  2.42487E+14 0.00299 
   48    1    1    1   48    1    1    1    1    1  8.93605E+14 0.00168 
   49    1    1    1   49    1    1    1    1    1  2.36573E+15 0.00110 
   50    1    1    1   50    1    1    1    1    1  4.20309E+15 0.00096 
   51    1    1    1   51    1    1    1    1    1  5.17320E+15 0.00104 
   52    1    1    1   52    1    1    1    1    1  4.04640E+15 0.00138 
   53    1    1    1   53    1    1    1    1    1  1.61162E+15 0.00229 
   54    1    1    1   54    1    1    1    1    1  3.86243E+14 0.00569 
   55    1    1    1   55    1    1    1    1    1  2.51533E+13 0.00844 
   56    1    1    1   56    1    1    1    1    1  1.49526E+14 0.00367 
   57    1    1    1   57    1    1    1    1    1  5.46600E+14 0.00193 
   58    1    1    1   58    1    1    1    1    1  1.49607E+15 0.00138 
   59    1    1    1   59    1    1    1    1    1  2.72764E+15 0.00118 
   60    1    1    1   60    1    1    1    1    1  3.31880E+15 0.00127 
   61    1    1    1   61    1    1    1    1    1  2.50873E+15 0.00168 
   62    1    1    1   62    1    1    1    1    1  9.84640E+14 0.00281 
   63    1    1    1   63    1    1    1    1    1  2.57139E+14 0.00769 
   64    1    1    1   64    1    1    1    1    1  1.53801E+13 0.01076 
   65    1    1    1   65    1    1    1    1    1  8.62427E+13 0.00469 
   66    1    1    1   66    1    1    1    1    1  3.13160E+14 0.00255 
   67    1    1    1   67    1    1    1    1    1  8.69559E+14 0.00183 
   68    1    1    1   68    1    1    1    1    1  1.61270E+15 0.00152 
   69    1    1    1   69    1    1    1    1    1  1.94574E+15 0.00165 
   70    1    1    1   70    1    1    1    1    1  1.44395E+15 0.00220 
   71    1    1    1   71    1    1    1    1    1  5.67716E+14 0.00349 
   72    1    1    1   72    1    1    1    1    1  1.67334E+14 0.01128 
   73    1    1    1   73    1    1    1    1    1  8.74810E+12 0.01413 
   74    1    1    1   74    1    1    1    1    1  4.86184E+13 0.00614 
   75    1    1    1   75    1    1    1    1    1  1.71743E+14 0.00347 
   76    1    1    1   76    1    1    1    1    1  4.76401E+14 0.00239 
   77    1    1    1   77    1    1    1    1    1  8.89664E+14 0.00200 
   78    1    1    1   78    1    1    1    1    1  1.07506E+15 0.00210 
   79    1    1    1   79    1    1    1    1    1  7.95502E+14 0.00282 
   80    1    1    1   80    1    1    1    1    1  3.15911E+14 0.00464 
   81    1    1    1   81    1    1    1    1    1  1.06948E+14 0.01595 
   82    1    1    1   82    1    1    1    1    1  5.06868E+12 0.01793 
   83    1    1    1   83    1    1    1    1    1  2.66469E+13 0.00836 
   84    1    1    1   84    1    1    1    1    1  9.22090E+13 0.00470 
   85    1    1    1   85    1    1    1    1    1  2.54912E+14 0.00325 
   86    1    1    1   86    1    1    1    1    1  4.73300E+14 0.00276 
   87    1    1    1   87    1    1    1    1    1  5.73987E+14 0.00284 
   88    1    1    1   88    1    1    1    1    1  4.25658E+14 0.00380 
   89    1    1    1   89    1    1    1    1    1  1.71643E+14 0.00648 
   90    1    1    1   90    1    1    1    1    1  7.00305E+13 0.02012 
   91    1    1    1   91    1    1    1    1    1  3.10936E+12 0.02605 
   92    1    1    1   92    1    1    1    1    1  1.51815E+13 0.01197 
   93    1    1    1   93    1    1    1    1    1  4.99218E+13 0.00645 
   94    1    1    1   94    1    1    1    1    1  1.35949E+14 0.00458 
   95    1    1    1   95    1    1    1    1    1  2.51838E+14 0.00386 
   96    1    1    1   96    1    1    1    1    1  3.05887E+14 0.00415 
   97    1    1    1   97    1    1    1    1    1  2.29010E+14 0.00563 
   98    1    1    1   98    1    1    1    1    1  9.48693E+13 0.00877 
   99    1    1    1   99    1    1    1    1    1  5.01204E+13 0.02807 
  100    1    1    1  100    1    1    1    1    1  2.20079E+12 0.04333 
  101    1    1    1  101    1    1    1    1    1  1.00074E+13 0.01784 
  102    1    1    1  102    1    1    1    1    1  3.11059E+13 0.01053 
  103    1    1    1  103    1    1    1    1    1  8.22657E+13 0.00874 
  104    1    1    1  104    1    1    1    1    1  1.50787E+14 0.00647 
  105    1    1    1  105    1    1    1    1    1  1.85295E+14 0.00674 
  106    1    1    1  106    1    1    1    1    1  1.42663E+14 0.00969 
  107    1    1    1  107    1    1    1    1    1  6.12963E+13 0.01577 
  108    1    1    1  108    1    1    1    1    1  4.17736E+13 0.03334 
];

