
DETflux = [
    1    1    1    1    1    1    1    1    1    1  2.85787E+13 0.00937 
    2    1    1    1    2    1    1    1    1    1  1.81300E+14 0.00432 
    3    1    1    1    3    1    1    1    1    1  6.93283E+14 0.00241 
    4    1    1    1    4    1    1    1    1    1  1.62454E+15 0.00162 
    5    1    1    1    5    1    1    1    1    1  2.29906E+15 0.00137 
    6    1    1    1    6    1    1    1    1    1  1.99994E+15 0.00147 
    7    1    1    1    7    1    1    1    1    1  1.06240E+15 0.00198 
    8    1    1    1    8    1    1    1    1    1  3.41272E+14 0.00318 
    9    1    1    1    9    1    1    1    1    1  7.17123E+13 0.00638 
   10    1    1    1   10    1    1    1    1    1  5.83356E+13 0.00598 
   11    1    1    1   11    1    1    1    1    1  3.97431E+14 0.00259 
   12    1    1    1   12    1    1    1    1    1  1.57030E+15 0.00146 
   13    1    1    1   13    1    1    1    1    1  3.58531E+15 0.00098 
   14    1    1    1   14    1    1    1    1    1  4.89877E+15 0.00083 
   15    1    1    1   15    1    1    1    1    1  4.31994E+15 0.00092 
   16    1    1    1   16    1    1    1    1    1  2.38382E+15 0.00124 
   17    1    1    1   17    1    1    1    1    1  7.58409E+14 0.00196 
   18    1    1    1   18    1    1    1    1    1  1.44710E+14 0.00420 
   19    1    1    1   19    1    1    1    1    1  7.40248E+13 0.00513 
   20    1    1    1   20    1    1    1    1    1  5.15390E+14 0.00228 
   21    1    1    1   21    1    1    1    1    1  2.00359E+15 0.00119 
   22    1    1    1   22    1    1    1    1    1  4.32111E+15 0.00079 
   23    1    1    1   23    1    1    1    1    1  5.67704E+15 0.00065 
   24    1    1    1   24    1    1    1    1    1  5.09220E+15 0.00070 
   25    1    1    1   25    1    1    1    1    1  2.97550E+15 0.00101 
   26    1    1    1   26    1    1    1    1    1  9.78695E+14 0.00176 
   27    1    1    1   27    1    1    1    1    1  1.84130E+14 0.00338 
   28    1    1    1   28    1    1    1    1    1  7.34453E+13 0.00490 
   29    1    1    1   29    1    1    1    1    1  5.11988E+14 0.00229 
   30    1    1    1   30    1    1    1    1    1  1.93200E+15 0.00129 
   31    1    1    1   31    1    1    1    1    1  3.94924E+15 0.00082 
   32    1    1    1   32    1    1    1    1    1  5.02597E+15 0.00064 
   33    1    1    1   33    1    1    1    1    1  4.56743E+15 0.00070 
   34    1    1    1   34    1    1    1    1    1  2.80589E+15 0.00103 
   35    1    1    1   35    1    1    1    1    1  9.59575E+14 0.00173 
   36    1    1    1   36    1    1    1    1    1  1.81109E+14 0.00330 
   37    1    1    1   37    1    1    1    1    1  6.05147E+13 0.00528 
   38    1    1    1   38    1    1    1    1    1  4.11080E+14 0.00252 
   39    1    1    1   39    1    1    1    1    1  1.51119E+15 0.00136 
   40    1    1    1   40    1    1    1    1    1  3.02574E+15 0.00092 
   41    1    1    1   41    1    1    1    1    1  3.82459E+15 0.00074 
   42    1    1    1   42    1    1    1    1    1  3.48262E+15 0.00079 
   43    1    1    1   43    1    1    1    1    1  2.17102E+15 0.00113 
   44    1    1    1   44    1    1    1    1    1  7.62488E+14 0.00178 
   45    1    1    1   45    1    1    1    1    1  1.47890E+14 0.00347 
   46    1    1    1   46    1    1    1    1    1  4.21334E+13 0.00600 
   47    1    1    1   47    1    1    1    1    1  2.72008E+14 0.00292 
   48    1    1    1   48    1    1    1    1    1  9.78533E+14 0.00153 
   49    1    1    1   49    1    1    1    1    1  2.01421E+15 0.00105 
   50    1    1    1   50    1    1    1    1    1  2.62354E+15 0.00094 
   51    1    1    1   51    1    1    1    1    1  2.35847E+15 0.00093 
   52    1    1    1   52    1    1    1    1    1  1.41887E+15 0.00127 
   53    1    1    1   53    1    1    1    1    1  4.99703E+14 0.00209 
   54    1    1    1   54    1    1    1    1    1  1.02014E+14 0.00396 
   55    1    1    1   55    1    1    1    1    1  2.66520E+13 0.00744 
   56    1    1    1   56    1    1    1    1    1  1.63570E+14 0.00318 
   57    1    1    1   57    1    1    1    1    1  5.75587E+14 0.00190 
   58    1    1    1   58    1    1    1    1    1  1.21702E+15 0.00133 
   59    1    1    1   59    1    1    1    1    1  1.62722E+15 0.00117 
   60    1    1    1   60    1    1    1    1    1  1.44559E+15 0.00114 
   61    1    1    1   61    1    1    1    1    1  8.42599E+14 0.00148 
   62    1    1    1   62    1    1    1    1    1  2.95625E+14 0.00237 
   63    1    1    1   63    1    1    1    1    1  6.31499E+13 0.00480 
   64    1    1    1   64    1    1    1    1    1  1.58327E+13 0.00893 
   65    1    1    1   65    1    1    1    1    1  9.24522E+13 0.00402 
   66    1    1    1   66    1    1    1    1    1  3.15609E+14 0.00233 
   67    1    1    1   67    1    1    1    1    1  6.71218E+14 0.00167 
   68    1    1    1   68    1    1    1    1    1  9.05998E+14 0.00149 
   69    1    1    1   69    1    1    1    1    1  8.00584E+14 0.00148 
   70    1    1    1   70    1    1    1    1    1  4.60928E+14 0.00194 
   71    1    1    1   71    1    1    1    1    1  1.63869E+14 0.00305 
   72    1    1    1   72    1    1    1    1    1  3.73826E+13 0.00579 
   73    1    1    1   73    1    1    1    1    1  9.00645E+12 0.01115 
   74    1    1    1   74    1    1    1    1    1  5.02954E+13 0.00504 
   75    1    1    1   75    1    1    1    1    1  1.66407E+14 0.00299 
   76    1    1    1   76    1    1    1    1    1  3.52704E+14 0.00211 
   77    1    1    1   77    1    1    1    1    1  4.77303E+14 0.00187 
   78    1    1    1   78    1    1    1    1    1  4.21168E+14 0.00191 
   79    1    1    1   79    1    1    1    1    1  2.43400E+14 0.00252 
   80    1    1    1   80    1    1    1    1    1  8.84274E+13 0.00406 
   81    1    1    1   81    1    1    1    1    1  2.15636E+13 0.00755 
   82    1    1    1   82    1    1    1    1    1  5.06375E+12 0.01478 
   83    1    1    1   83    1    1    1    1    1  2.67731E+13 0.00675 
   84    1    1    1   84    1    1    1    1    1  8.67815E+13 0.00387 
   85    1    1    1   85    1    1    1    1    1  1.81048E+14 0.00276 
   86    1    1    1   86    1    1    1    1    1  2.44720E+14 0.00249 
   87    1    1    1   87    1    1    1    1    1  2.15627E+14 0.00256 
   88    1    1    1   88    1    1    1    1    1  1.25290E+14 0.00329 
   89    1    1    1   89    1    1    1    1    1  4.66654E+13 0.00532 
   90    1    1    1   90    1    1    1    1    1  1.22779E+13 0.00969 
   91    1    1    1   91    1    1    1    1    1  2.73182E+12 0.01999 
   92    1    1    1   92    1    1    1    1    1  1.41484E+13 0.00871 
   93    1    1    1   93    1    1    1    1    1  4.47898E+13 0.00516 
   94    1    1    1   94    1    1    1    1    1  9.21568E+13 0.00374 
   95    1    1    1   95    1    1    1    1    1  1.23434E+14 0.00333 
   96    1    1    1   96    1    1    1    1    1  1.09057E+14 0.00342 
   97    1    1    1   97    1    1    1    1    1  6.37966E+13 0.00434 
   98    1    1    1   98    1    1    1    1    1  2.44936E+13 0.00704 
   99    1    1    1   99    1    1    1    1    1  7.16942E+12 0.01252 
  100    1    1    1  100    1    1    1    1    1  1.65159E+12 0.02415 
  101    1    1    1  101    1    1    1    1    1  7.77165E+12 0.01191 
  102    1    1    1  102    1    1    1    1    1  2.33600E+13 0.00680 
  103    1    1    1  103    1    1    1    1    1  4.70507E+13 0.00502 
  104    1    1    1  104    1    1    1    1    1  6.25901E+13 0.00422 
  105    1    1    1  105    1    1    1    1    1  5.58062E+13 0.00454 
  106    1    1    1  106    1    1    1    1    1  3.29087E+13 0.00607 
  107    1    1    1  107    1    1    1    1    1  1.32359E+13 0.00926 
  108    1    1    1  108    1    1    1    1    1  4.26727E+12 0.01577 
];

