
DETtritium = [
    1    1    1    1    1    1    1    1    1    1  2.40458E+13 0.01144 
    2    1    1    1    2    1    1    1    1    1  1.47486E+14 0.00462 
    3    1    1    1    3    1    1    1    1    1  6.01230E+14 0.00280 
    4    1    1    1    4    1    1    1    1    1  1.86884E+15 0.00184 
    5    1    1    1    5    1    1    1    1    1  3.64484E+15 0.00148 
    6    1    1    1    6    1    1    1    1    1  4.28863E+15 0.00161 
    7    1    1    1    7    1    1    1    1    1  2.88750E+15 0.00225 
    8    1    1    1    8    1    1    1    1    1  1.01073E+15 0.00361 
    9    1    1    1    9    1    1    1    1    1  2.70891E+14 0.01129 
   10    1    1    1   10    1    1    1    1    1  4.94273E+13 0.00734 
   11    1    1    1   11    1    1    1    1    1  3.30288E+14 0.00315 
   12    1    1    1   12    1    1    1    1    1  1.39387E+15 0.00166 
   13    1    1    1   13    1    1    1    1    1  4.32825E+15 0.00104 
   14    1    1    1   14    1    1    1    1    1  8.32350E+15 0.00086 
   15    1    1    1   15    1    1    1    1    1  9.85470E+15 0.00087 
   16    1    1    1   16    1    1    1    1    1  6.72748E+15 0.00129 
   17    1    1    1   17    1    1    1    1    1  2.31249E+15 0.00219 
   18    1    1    1   18    1    1    1    1    1  5.11566E+14 0.00600 
   19    1    1    1   19    1    1    1    1    1  6.41257E+13 0.00607 
   20    1    1    1   20    1    1    1    1    1  4.36779E+14 0.00249 
   21    1    1    1   21    1    1    1    1    1  1.82424E+15 0.00132 
   22    1    1    1   22    1    1    1    1    1  5.42157E+15 0.00087 
   23    1    1    1   23    1    1    1    1    1  1.01185E+16 0.00066 
   24    1    1    1   24    1    1    1    1    1  1.21572E+16 0.00070 
   25    1    1    1   25    1    1    1    1    1  8.64637E+15 0.00112 
   26    1    1    1   26    1    1    1    1    1  3.04092E+15 0.00194 
   27    1    1    1   27    1    1    1    1    1  6.42719E+14 0.00471 
   28    1    1    1   28    1    1    1    1    1  6.41556E+13 0.00557 
   29    1    1    1   29    1    1    1    1    1  4.36559E+14 0.00241 
   30    1    1    1   30    1    1    1    1    1  1.78113E+15 0.00135 
   31    1    1    1   31    1    1    1    1    1  5.08146E+15 0.00085 
   32    1    1    1   32    1    1    1    1    1  9.24320E+15 0.00066 
   33    1    1    1   33    1    1    1    1    1  1.12359E+16 0.00075 
   34    1    1    1   34    1    1    1    1    1  8.30785E+15 0.00112 
   35    1    1    1   35    1    1    1    1    1  3.01732E+15 0.00187 
   36    1    1    1   36    1    1    1    1    1  6.35979E+14 0.00454 
   37    1    1    1   37    1    1    1    1    1  5.29740E+13 0.00607 
   38    1    1    1   38    1    1    1    1    1  3.54228E+14 0.00257 
   39    1    1    1   39    1    1    1    1    1  1.40861E+15 0.00139 
   40    1    1    1   40    1    1    1    1    1  3.92696E+15 0.00094 
   41    1    1    1   41    1    1    1    1    1  7.09520E+15 0.00074 
   42    1    1    1   42    1    1    1    1    1  8.65061E+15 0.00082 
   43    1    1    1   43    1    1    1    1    1  6.49456E+15 0.00117 
   44    1    1    1   44    1    1    1    1    1  2.41247E+15 0.00185 
   45    1    1    1   45    1    1    1    1    1  5.22290E+14 0.00484 
   46    1    1    1   46    1    1    1    1    1  3.77763E+13 0.00716 
   47    1    1    1   47    1    1    1    1    1  2.42264E+14 0.00293 
   48    1    1    1   48    1    1    1    1    1  9.40597E+14 0.00168 
   49    1    1    1   49    1    1    1    1    1  2.64181E+15 0.00110 
   50    1    1    1   50    1    1    1    1    1  4.84781E+15 0.00092 
   51    1    1    1   51    1    1    1    1    1  5.87280E+15 0.00101 
   52    1    1    1   52    1    1    1    1    1  4.34252E+15 0.00139 
   53    1    1    1   53    1    1    1    1    1  1.62902E+15 0.00215 
   54    1    1    1   54    1    1    1    1    1  3.77600E+14 0.00595 
   55    1    1    1   55    1    1    1    1    1  2.42888E+13 0.00864 
   56    1    1    1   56    1    1    1    1    1  1.48623E+14 0.00370 
   57    1    1    1   57    1    1    1    1    1  5.65803E+14 0.00201 
   58    1    1    1   58    1    1    1    1    1  1.60533E+15 0.00141 
   59    1    1    1   59    1    1    1    1    1  2.99662E+15 0.00119 
   60    1    1    1   60    1    1    1    1    1  3.60840E+15 0.00126 
   61    1    1    1   61    1    1    1    1    1  2.61591E+15 0.00165 
   62    1    1    1   62    1    1    1    1    1  9.85863E+14 0.00275 
   63    1    1    1   63    1    1    1    1    1  2.51316E+14 0.00828 
   64    1    1    1   64    1    1    1    1    1  1.47616E+13 0.01159 
   65    1    1    1   65    1    1    1    1    1  8.58366E+13 0.00474 
   66    1    1    1   66    1    1    1    1    1  3.17813E+14 0.00254 
   67    1    1    1   67    1    1    1    1    1  9.07412E+14 0.00182 
   68    1    1    1   68    1    1    1    1    1  1.70828E+15 0.00152 
   69    1    1    1   69    1    1    1    1    1  2.04900E+15 0.00164 
   70    1    1    1   70    1    1    1    1    1  1.47276E+15 0.00214 
   71    1    1    1   71    1    1    1    1    1  5.60811E+14 0.00348 
   72    1    1    1   72    1    1    1    1    1  1.61279E+14 0.01131 
   73    1    1    1   73    1    1    1    1    1  8.53912E+12 0.01470 
   74    1    1    1   74    1    1    1    1    1  4.81535E+13 0.00620 
   75    1    1    1   75    1    1    1    1    1  1.72265E+14 0.00338 
   76    1    1    1   76    1    1    1    1    1  4.85965E+14 0.00236 
   77    1    1    1   77    1    1    1    1    1  9.16461E+14 0.00209 
   78    1    1    1   78    1    1    1    1    1  1.09578E+15 0.00212 
   79    1    1    1   79    1    1    1    1    1  7.90043E+14 0.00284 
   80    1    1    1   80    1    1    1    1    1  3.09989E+14 0.00442 
   81    1    1    1   81    1    1    1    1    1  1.04893E+14 0.01644 
   82    1    1    1   82    1    1    1    1    1  5.04892E+12 0.01899 
   83    1    1    1   83    1    1    1    1    1  2.62552E+13 0.00863 
   84    1    1    1   84    1    1    1    1    1  9.07033E+13 0.00464 
   85    1    1    1   85    1    1    1    1    1  2.52914E+14 0.00333 
   86    1    1    1   86    1    1    1    1    1  4.77870E+14 0.00274 
   87    1    1    1   87    1    1    1    1    1  5.71262E+14 0.00309 
   88    1    1    1   88    1    1    1    1    1  4.14636E+14 0.00399 
   89    1    1    1   89    1    1    1    1    1  1.67899E+14 0.00617 
   90    1    1    1   90    1    1    1    1    1  6.69421E+13 0.02135 
   91    1    1    1   91    1    1    1    1    1  2.93194E+12 0.02644 
   92    1    1    1   92    1    1    1    1    1  1.46213E+13 0.01272 
   93    1    1    1   93    1    1    1    1    1  4.88187E+13 0.00696 
   94    1    1    1   94    1    1    1    1    1  1.33784E+14 0.00459 
   95    1    1    1   95    1    1    1    1    1  2.50185E+14 0.00389 
   96    1    1    1   96    1    1    1    1    1  2.99132E+14 0.00441 
   97    1    1    1   97    1    1    1    1    1  2.19072E+14 0.00546 
   98    1    1    1   98    1    1    1    1    1  9.20275E+13 0.00888 
   99    1    1    1   99    1    1    1    1    1  4.27027E+13 0.02672 
  100    1    1    1  100    1    1    1    1    1  2.12804E+12 0.03609 
  101    1    1    1  101    1    1    1    1    1  9.87620E+12 0.02042 
  102    1    1    1  102    1    1    1    1    1  3.13064E+13 0.01183 
  103    1    1    1  103    1    1    1    1    1  8.09375E+13 0.00769 
  104    1    1    1  104    1    1    1    1    1  1.47629E+14 0.00665 
  105    1    1    1  105    1    1    1    1    1  1.79230E+14 0.00722 
  106    1    1    1  106    1    1    1    1    1  1.35175E+14 0.00922 
  107    1    1    1  107    1    1    1    1    1  5.96944E+13 0.01579 
  108    1    1    1  108    1    1    1    1    1  3.55523E+13 0.03197 
];

