
DETflux = [
    1    1    1    1    1    1    1    1    1    1  2.70144E+13 0.00950 
    2    1    1    1    2    1    1    1    1    1  1.71896E+14 0.00416 
    3    1    1    1    3    1    1    1    1    1  6.75025E+14 0.00232 
    4    1    1    1    4    1    1    1    1    1  1.60262E+15 0.00153 
    5    1    1    1    5    1    1    1    1    1  2.28627E+15 0.00132 
    6    1    1    1    6    1    1    1    1    1  1.97753E+15 0.00148 
    7    1    1    1    7    1    1    1    1    1  1.04250E+15 0.00203 
    8    1    1    1    8    1    1    1    1    1  3.28926E+14 0.00329 
    9    1    1    1    9    1    1    1    1    1  6.73751E+13 0.00630 
   10    1    1    1   10    1    1    1    1    1  5.55697E+13 0.00630 
   11    1    1    1   11    1    1    1    1    1  3.83503E+14 0.00266 
   12    1    1    1   12    1    1    1    1    1  1.53864E+15 0.00152 
   13    1    1    1   13    1    1    1    1    1  3.55095E+15 0.00101 
   14    1    1    1   14    1    1    1    1    1  4.88551E+15 0.00084 
   15    1    1    1   15    1    1    1    1    1  4.29102E+15 0.00094 
   16    1    1    1   16    1    1    1    1    1  2.35071E+15 0.00126 
   17    1    1    1   17    1    1    1    1    1  7.40640E+14 0.00218 
   18    1    1    1   18    1    1    1    1    1  1.38718E+14 0.00441 
   19    1    1    1   19    1    1    1    1    1  7.07054E+13 0.00523 
   20    1    1    1   20    1    1    1    1    1  5.01149E+14 0.00234 
   21    1    1    1   21    1    1    1    1    1  1.96112E+15 0.00128 
   22    1    1    1   22    1    1    1    1    1  4.27762E+15 0.00081 
   23    1    1    1   23    1    1    1    1    1  5.64457E+15 0.00062 
   24    1    1    1   24    1    1    1    1    1  5.05600E+15 0.00072 
   25    1    1    1   25    1    1    1    1    1  2.93414E+15 0.00105 
   26    1    1    1   26    1    1    1    1    1  9.57652E+14 0.00175 
   27    1    1    1   27    1    1    1    1    1  1.77711E+14 0.00357 
   28    1    1    1   28    1    1    1    1    1  7.02741E+13 0.00521 
   29    1    1    1   29    1    1    1    1    1  4.94435E+14 0.00229 
   30    1    1    1   30    1    1    1    1    1  1.88967E+15 0.00130 
   31    1    1    1   31    1    1    1    1    1  3.90176E+15 0.00075 
   32    1    1    1   32    1    1    1    1    1  4.98641E+15 0.00062 
   33    1    1    1   33    1    1    1    1    1  4.52870E+15 0.00071 
   34    1    1    1   34    1    1    1    1    1  2.76005E+15 0.00106 
   35    1    1    1   35    1    1    1    1    1  9.43131E+14 0.00173 
   36    1    1    1   36    1    1    1    1    1  1.76815E+14 0.00364 
   37    1    1    1   37    1    1    1    1    1  5.77361E+13 0.00562 
   38    1    1    1   38    1    1    1    1    1  3.94859E+14 0.00244 
   39    1    1    1   39    1    1    1    1    1  1.47486E+15 0.00138 
   40    1    1    1   40    1    1    1    1    1  2.97984E+15 0.00086 
   41    1    1    1   41    1    1    1    1    1  3.78330E+15 0.00073 
   42    1    1    1   42    1    1    1    1    1  3.45091E+15 0.00081 
   43    1    1    1   43    1    1    1    1    1  2.13318E+15 0.00112 
   44    1    1    1   44    1    1    1    1    1  7.48962E+14 0.00190 
   45    1    1    1   45    1    1    1    1    1  1.44252E+14 0.00381 
   46    1    1    1   46    1    1    1    1    1  3.97978E+13 0.00664 
   47    1    1    1   47    1    1    1    1    1  2.60385E+14 0.00285 
   48    1    1    1   48    1    1    1    1    1  9.52784E+14 0.00153 
   49    1    1    1   49    1    1    1    1    1  1.98110E+15 0.00106 
   50    1    1    1   50    1    1    1    1    1  2.58648E+15 0.00088 
   51    1    1    1   51    1    1    1    1    1  2.33070E+15 0.00095 
   52    1    1    1   52    1    1    1    1    1  1.38933E+15 0.00123 
   53    1    1    1   53    1    1    1    1    1  4.85944E+14 0.00215 
   54    1    1    1   54    1    1    1    1    1  9.82531E+13 0.00402 
   55    1    1    1   55    1    1    1    1    1  2.50784E+13 0.00748 
   56    1    1    1   56    1    1    1    1    1  1.55692E+14 0.00332 
   57    1    1    1   57    1    1    1    1    1  5.56474E+14 0.00180 
   58    1    1    1   58    1    1    1    1    1  1.19142E+15 0.00134 
   59    1    1    1   59    1    1    1    1    1  1.60065E+15 0.00107 
   60    1    1    1   60    1    1    1    1    1  1.42431E+15 0.00119 
   61    1    1    1   61    1    1    1    1    1  8.22354E+14 0.00158 
   62    1    1    1   62    1    1    1    1    1  2.86318E+14 0.00260 
   63    1    1    1   63    1    1    1    1    1  6.10527E+13 0.00511 
   64    1    1    1   64    1    1    1    1    1  1.47788E+13 0.00917 
   65    1    1    1   65    1    1    1    1    1  8.77667E+13 0.00389 
   66    1    1    1   66    1    1    1    1    1  3.03710E+14 0.00238 
   67    1    1    1   67    1    1    1    1    1  6.52575E+14 0.00163 
   68    1    1    1   68    1    1    1    1    1  8.86506E+14 0.00136 
   69    1    1    1   69    1    1    1    1    1  7.87719E+14 0.00153 
   70    1    1    1   70    1    1    1    1    1  4.49557E+14 0.00198 
   71    1    1    1   71    1    1    1    1    1  1.58266E+14 0.00319 
   72    1    1    1   72    1    1    1    1    1  3.59672E+13 0.00606 
   73    1    1    1   73    1    1    1    1    1  8.32732E+12 0.01180 
   74    1    1    1   74    1    1    1    1    1  4.78387E+13 0.00523 
   75    1    1    1   75    1    1    1    1    1  1.60304E+14 0.00309 
   76    1    1    1   76    1    1    1    1    1  3.41036E+14 0.00215 
   77    1    1    1   77    1    1    1    1    1  4.64578E+14 0.00180 
   78    1    1    1   78    1    1    1    1    1  4.11979E+14 0.00194 
   79    1    1    1   79    1    1    1    1    1  2.34725E+14 0.00250 
   80    1    1    1   80    1    1    1    1    1  8.44345E+13 0.00400 
   81    1    1    1   81    1    1    1    1    1  2.06260E+13 0.00777 
   82    1    1    1   82    1    1    1    1    1  4.65020E+12 0.01563 
   83    1    1    1   83    1    1    1    1    1  2.56096E+13 0.00653 
   84    1    1    1   84    1    1    1    1    1  8.31941E+13 0.00399 
   85    1    1    1   85    1    1    1    1    1  1.74877E+14 0.00281 
   86    1    1    1   86    1    1    1    1    1  2.37891E+14 0.00238 
   87    1    1    1   87    1    1    1    1    1  2.09729E+14 0.00258 
   88    1    1    1   88    1    1    1    1    1  1.20800E+14 0.00343 
   89    1    1    1   89    1    1    1    1    1  4.47148E+13 0.00531 
   90    1    1    1   90    1    1    1    1    1  1.17224E+13 0.00992 
   91    1    1    1   91    1    1    1    1    1  2.62671E+12 0.02022 
   92    1    1    1   92    1    1    1    1    1  1.34140E+13 0.00957 
   93    1    1    1   93    1    1    1    1    1  4.26927E+13 0.00547 
   94    1    1    1   94    1    1    1    1    1  8.87583E+13 0.00372 
   95    1    1    1   95    1    1    1    1    1  1.19475E+14 0.00332 
   96    1    1    1   96    1    1    1    1    1  1.06194E+14 0.00347 
   97    1    1    1   97    1    1    1    1    1  6.18589E+13 0.00465 
   98    1    1    1   98    1    1    1    1    1  2.33521E+13 0.00709 
   99    1    1    1   99    1    1    1    1    1  6.83663E+12 0.01210 
  100    1    1    1  100    1    1    1    1    1  1.57985E+12 0.02514 
  101    1    1    1  101    1    1    1    1    1  7.38204E+12 0.01271 
  102    1    1    1  102    1    1    1    1    1  2.24274E+13 0.00689 
  103    1    1    1  103    1    1    1    1    1  4.51211E+13 0.00506 
  104    1    1    1  104    1    1    1    1    1  6.09144E+13 0.00429 
  105    1    1    1  105    1    1    1    1    1  5.37705E+13 0.00467 
  106    1    1    1  106    1    1    1    1    1  3.17511E+13 0.00602 
  107    1    1    1  107    1    1    1    1    1  1.25416E+13 0.00945 
  108    1    1    1  108    1    1    1    1    1  4.10268E+12 0.01564 
];

