
DETflux = [
    1    1    1    1    1    1    1    1    1    1  2.31487E+13 0.01025 
    2    1    1    1    2    1    1    1    1    1  1.48964E+14 0.00441 
    3    1    1    1    3    1    1    1    1    1  5.81412E+14 0.00244 
    4    1    1    1    4    1    1    1    1    1  1.39313E+15 0.00174 
    5    1    1    1    5    1    1    1    1    1  1.99097E+15 0.00148 
    6    1    1    1    6    1    1    1    1    1  1.72501E+15 0.00154 
    7    1    1    1    7    1    1    1    1    1  9.02660E+14 0.00200 
    8    1    1    1    8    1    1    1    1    1  2.84583E+14 0.00338 
    9    1    1    1    9    1    1    1    1    1  5.88277E+13 0.00713 
   10    1    1    1   10    1    1    1    1    1  4.99082E+13 0.00642 
   11    1    1    1   11    1    1    1    1    1  3.50739E+14 0.00274 
   12    1    1    1   12    1    1    1    1    1  1.44467E+15 0.00155 
   13    1    1    1   13    1    1    1    1    1  3.45039E+15 0.00105 
   14    1    1    1   14    1    1    1    1    1  4.84749E+15 0.00083 
   15    1    1    1   15    1    1    1    1    1  4.23226E+15 0.00089 
   16    1    1    1   16    1    1    1    1    1  2.24917E+15 0.00121 
   17    1    1    1   17    1    1    1    1    1  6.86499E+14 0.00203 
   18    1    1    1   18    1    1    1    1    1  1.26726E+14 0.00441 
   19    1    1    1   19    1    1    1    1    1  6.63490E+13 0.00542 
   20    1    1    1   20    1    1    1    1    1  4.75197E+14 0.00230 
   21    1    1    1   21    1    1    1    1    1  1.93872E+15 0.00130 
   22    1    1    1   22    1    1    1    1    1  4.41788E+15 0.00084 
   23    1    1    1   23    1    1    1    1    1  5.98185E+15 0.00062 
   24    1    1    1   24    1    1    1    1    1  5.29962E+15 0.00073 
   25    1    1    1   25    1    1    1    1    1  2.95170E+15 0.00104 
   26    1    1    1   26    1    1    1    1    1  9.28124E+14 0.00173 
   27    1    1    1   27    1    1    1    1    1  1.66921E+14 0.00377 
   28    1    1    1   28    1    1    1    1    1  6.68190E+13 0.00533 
   29    1    1    1   29    1    1    1    1    1  4.82624E+14 0.00234 
   30    1    1    1   30    1    1    1    1    1  1.92428E+15 0.00125 
   31    1    1    1   31    1    1    1    1    1  4.15781E+15 0.00079 
   32    1    1    1   32    1    1    1    1    1  5.44278E+15 0.00062 
   33    1    1    1   33    1    1    1    1    1  4.88680E+15 0.00069 
   34    1    1    1   34    1    1    1    1    1  2.85984E+15 0.00101 
   35    1    1    1   35    1    1    1    1    1  9.34134E+14 0.00172 
   36    1    1    1   36    1    1    1    1    1  1.69828E+14 0.00359 
   37    1    1    1   37    1    1    1    1    1  5.52826E+13 0.00561 
   38    1    1    1   38    1    1    1    1    1  3.89159E+14 0.00231 
   39    1    1    1   39    1    1    1    1    1  1.51394E+15 0.00130 
   40    1    1    1   40    1    1    1    1    1  3.19441E+15 0.00083 
   41    1    1    1   41    1    1    1    1    1  4.14662E+15 0.00070 
   42    1    1    1   42    1    1    1    1    1  3.73110E+15 0.00079 
   43    1    1    1   43    1    1    1    1    1  2.22740E+15 0.00114 
   44    1    1    1   44    1    1    1    1    1  7.48680E+14 0.00188 
   45    1    1    1   45    1    1    1    1    1  1.38976E+14 0.00378 
   46    1    1    1   46    1    1    1    1    1  3.80890E+13 0.00629 
   47    1    1    1   47    1    1    1    1    1  2.57289E+14 0.00269 
   48    1    1    1   48    1    1    1    1    1  9.68141E+14 0.00156 
   49    1    1    1   49    1    1    1    1    1  2.08617E+15 0.00102 
   50    1    1    1   50    1    1    1    1    1  2.77312E+15 0.00091 
   51    1    1    1   51    1    1    1    1    1  2.47562E+15 0.00099 
   52    1    1    1   52    1    1    1    1    1  1.43398E+15 0.00133 
   53    1    1    1   53    1    1    1    1    1  4.85085E+14 0.00211 
   54    1    1    1   54    1    1    1    1    1  9.46094E+13 0.00421 
   55    1    1    1   55    1    1    1    1    1  2.40504E+13 0.00751 
   56    1    1    1   56    1    1    1    1    1  1.52160E+14 0.00323 
   57    1    1    1   57    1    1    1    1    1  5.61173E+14 0.00183 
   58    1    1    1   58    1    1    1    1    1  1.23123E+15 0.00131 
   59    1    1    1   59    1    1    1    1    1  1.67618E+15 0.00112 
   60    1    1    1   60    1    1    1    1    1  1.48484E+15 0.00119 
   61    1    1    1   61    1    1    1    1    1  8.35361E+14 0.00155 
   62    1    1    1   62    1    1    1    1    1  2.83649E+14 0.00260 
   63    1    1    1   63    1    1    1    1    1  5.84694E+13 0.00504 
   64    1    1    1   64    1    1    1    1    1  1.42250E+13 0.00952 
   65    1    1    1   65    1    1    1    1    1  8.49095E+13 0.00399 
   66    1    1    1   66    1    1    1    1    1  3.02436E+14 0.00234 
   67    1    1    1   67    1    1    1    1    1  6.61348E+14 0.00167 
   68    1    1    1   68    1    1    1    1    1  9.09176E+14 0.00143 
   69    1    1    1   69    1    1    1    1    1  8.01177E+14 0.00156 
   70    1    1    1   70    1    1    1    1    1  4.49800E+14 0.00192 
   71    1    1    1   71    1    1    1    1    1  1.55027E+14 0.00323 
   72    1    1    1   72    1    1    1    1    1  3.41359E+13 0.00631 
   73    1    1    1   73    1    1    1    1    1  8.06167E+12 0.01227 
   74    1    1    1   74    1    1    1    1    1  4.58816E+13 0.00527 
   75    1    1    1   75    1    1    1    1    1  1.57350E+14 0.00302 
   76    1    1    1   76    1    1    1    1    1  3.40793E+14 0.00214 
   77    1    1    1   77    1    1    1    1    1  4.66028E+14 0.00192 
   78    1    1    1   78    1    1    1    1    1  4.11449E+14 0.00202 
   79    1    1    1   79    1    1    1    1    1  2.32701E+14 0.00259 
   80    1    1    1   80    1    1    1    1    1  8.26204E+13 0.00404 
   81    1    1    1   81    1    1    1    1    1  1.96032E+13 0.00796 
   82    1    1    1   82    1    1    1    1    1  4.52099E+12 0.01569 
   83    1    1    1   83    1    1    1    1    1  2.44715E+13 0.00706 
   84    1    1    1   84    1    1    1    1    1  8.04163E+13 0.00415 
   85    1    1    1   85    1    1    1    1    1  1.72076E+14 0.00296 
   86    1    1    1   86    1    1    1    1    1  2.33793E+14 0.00248 
   87    1    1    1   87    1    1    1    1    1  2.07338E+14 0.00261 
   88    1    1    1   88    1    1    1    1    1  1.17985E+14 0.00342 
   89    1    1    1   89    1    1    1    1    1  4.32915E+13 0.00528 
   90    1    1    1   90    1    1    1    1    1  1.10799E+13 0.01021 
   91    1    1    1   91    1    1    1    1    1  2.52833E+12 0.02144 
   92    1    1    1   92    1    1    1    1    1  1.29034E+13 0.00907 
   93    1    1    1   93    1    1    1    1    1  4.09924E+13 0.00554 
   94    1    1    1   94    1    1    1    1    1  8.57808E+13 0.00385 
   95    1    1    1   95    1    1    1    1    1  1.17002E+14 0.00348 
   96    1    1    1   96    1    1    1    1    1  1.03329E+14 0.00366 
   97    1    1    1   97    1    1    1    1    1  5.94755E+13 0.00451 
   98    1    1    1   98    1    1    1    1    1  2.25414E+13 0.00739 
   99    1    1    1   99    1    1    1    1    1  6.43120E+12 0.01307 
  100    1    1    1  100    1    1    1    1    1  1.48725E+12 0.02650 
  101    1    1    1  101    1    1    1    1    1  6.95453E+12 0.01251 
  102    1    1    1  102    1    1    1    1    1  2.10023E+13 0.00769 
  103    1    1    1  103    1    1    1    1    1  4.36398E+13 0.00508 
  104    1    1    1  104    1    1    1    1    1  5.85132E+13 0.00454 
  105    1    1    1  105    1    1    1    1    1  5.17691E+13 0.00490 
  106    1    1    1  106    1    1    1    1    1  3.03947E+13 0.00609 
  107    1    1    1  107    1    1    1    1    1  1.20536E+13 0.00927 
  108    1    1    1  108    1    1    1    1    1  3.89225E+12 0.01676 
];

