
DETflux = [
    1    1    1    1    1    1    1    1    1    1  2.43146E+13 0.01009 
    2    1    1    1    2    1    1    1    1    1  1.52841E+14 0.00457 
    3    1    1    1    3    1    1    1    1    1  5.93442E+14 0.00250 
    4    1    1    1    4    1    1    1    1    1  1.40931E+15 0.00167 
    5    1    1    1    5    1    1    1    1    1  2.01434E+15 0.00142 
    6    1    1    1    6    1    1    1    1    1  1.74764E+15 0.00154 
    7    1    1    1    7    1    1    1    1    1  9.19873E+14 0.00202 
    8    1    1    1    8    1    1    1    1    1  2.90780E+14 0.00337 
    9    1    1    1    9    1    1    1    1    1  6.02001E+13 0.00705 
   10    1    1    1   10    1    1    1    1    1  5.18123E+13 0.00666 
   11    1    1    1   11    1    1    1    1    1  3.58914E+14 0.00293 
   12    1    1    1   12    1    1    1    1    1  1.46259E+15 0.00164 
   13    1    1    1   13    1    1    1    1    1  3.47788E+15 0.00100 
   14    1    1    1   14    1    1    1    1    1  4.87831E+15 0.00083 
   15    1    1    1   15    1    1    1    1    1  4.26938E+15 0.00095 
   16    1    1    1   16    1    1    1    1    1  2.27797E+15 0.00128 
   17    1    1    1   17    1    1    1    1    1  7.00105E+14 0.00212 
   18    1    1    1   18    1    1    1    1    1  1.29691E+14 0.00428 
   19    1    1    1   19    1    1    1    1    1  6.82118E+13 0.00523 
   20    1    1    1   20    1    1    1    1    1  4.80916E+14 0.00241 
   21    1    1    1   21    1    1    1    1    1  1.95495E+15 0.00133 
   22    1    1    1   22    1    1    1    1    1  4.45534E+15 0.00085 
   23    1    1    1   23    1    1    1    1    1  6.03070E+15 0.00063 
   24    1    1    1   24    1    1    1    1    1  5.34000E+15 0.00075 
   25    1    1    1   25    1    1    1    1    1  2.98563E+15 0.00105 
   26    1    1    1   26    1    1    1    1    1  9.37336E+14 0.00181 
   27    1    1    1   27    1    1    1    1    1  1.69680E+14 0.00353 
   28    1    1    1   28    1    1    1    1    1  6.93686E+13 0.00520 
   29    1    1    1   29    1    1    1    1    1  4.89309E+14 0.00227 
   30    1    1    1   30    1    1    1    1    1  1.93928E+15 0.00131 
   31    1    1    1   31    1    1    1    1    1  4.19450E+15 0.00087 
   32    1    1    1   32    1    1    1    1    1  5.50026E+15 0.00060 
   33    1    1    1   33    1    1    1    1    1  4.93659E+15 0.00076 
   34    1    1    1   34    1    1    1    1    1  2.89218E+15 0.00108 
   35    1    1    1   35    1    1    1    1    1  9.46559E+14 0.00168 
   36    1    1    1   36    1    1    1    1    1  1.72297E+14 0.00361 
   37    1    1    1   37    1    1    1    1    1  5.68025E+13 0.00527 
   38    1    1    1   38    1    1    1    1    1  3.97449E+14 0.00247 
   39    1    1    1   39    1    1    1    1    1  1.53304E+15 0.00138 
   40    1    1    1   40    1    1    1    1    1  3.23135E+15 0.00094 
   41    1    1    1   41    1    1    1    1    1  4.18326E+15 0.00068 
   42    1    1    1   42    1    1    1    1    1  3.77557E+15 0.00081 
   43    1    1    1   43    1    1    1    1    1  2.25778E+15 0.00117 
   44    1    1    1   44    1    1    1    1    1  7.61114E+14 0.00178 
   45    1    1    1   45    1    1    1    1    1  1.42073E+14 0.00377 
   46    1    1    1   46    1    1    1    1    1  3.99372E+13 0.00604 
   47    1    1    1   47    1    1    1    1    1  2.62912E+14 0.00263 
   48    1    1    1   48    1    1    1    1    1  9.83966E+14 0.00163 
   49    1    1    1   49    1    1    1    1    1  2.10802E+15 0.00108 
   50    1    1    1   50    1    1    1    1    1  2.80757E+15 0.00083 
   51    1    1    1   51    1    1    1    1    1  2.50208E+15 0.00095 
   52    1    1    1   52    1    1    1    1    1  1.45603E+15 0.00142 
   53    1    1    1   53    1    1    1    1    1  4.95598E+14 0.00210 
   54    1    1    1   54    1    1    1    1    1  9.74648E+13 0.00422 
   55    1    1    1   55    1    1    1    1    1  2.49201E+13 0.00758 
   56    1    1    1   56    1    1    1    1    1  1.56442E+14 0.00328 
   57    1    1    1   57    1    1    1    1    1  5.69591E+14 0.00187 
   58    1    1    1   58    1    1    1    1    1  1.24539E+15 0.00136 
   59    1    1    1   59    1    1    1    1    1  1.69643E+15 0.00103 
   60    1    1    1   60    1    1    1    1    1  1.49552E+15 0.00115 
   61    1    1    1   61    1    1    1    1    1  8.49503E+14 0.00164 
   62    1    1    1   62    1    1    1    1    1  2.89794E+14 0.00259 
   63    1    1    1   63    1    1    1    1    1  6.07067E+13 0.00488 
   64    1    1    1   64    1    1    1    1    1  1.47864E+13 0.00954 
   65    1    1    1   65    1    1    1    1    1  8.80291E+13 0.00409 
   66    1    1    1   66    1    1    1    1    1  3.10013E+14 0.00241 
   67    1    1    1   67    1    1    1    1    1  6.72271E+14 0.00168 
   68    1    1    1   68    1    1    1    1    1  9.21218E+14 0.00141 
   69    1    1    1   69    1    1    1    1    1  8.10121E+14 0.00148 
   70    1    1    1   70    1    1    1    1    1  4.58224E+14 0.00196 
   71    1    1    1   71    1    1    1    1    1  1.60033E+14 0.00318 
   72    1    1    1   72    1    1    1    1    1  3.54252E+13 0.00617 
   73    1    1    1   73    1    1    1    1    1  8.45472E+12 0.01224 
   74    1    1    1   74    1    1    1    1    1  4.77297E+13 0.00526 
   75    1    1    1   75    1    1    1    1    1  1.61782E+14 0.00298 
   76    1    1    1   76    1    1    1    1    1  3.47101E+14 0.00211 
   77    1    1    1   77    1    1    1    1    1  4.75551E+14 0.00180 
   78    1    1    1   78    1    1    1    1    1  4.18414E+14 0.00197 
   79    1    1    1   79    1    1    1    1    1  2.38177E+14 0.00246 
   80    1    1    1   80    1    1    1    1    1  8.58084E+13 0.00401 
   81    1    1    1   81    1    1    1    1    1  2.04944E+13 0.00781 
   82    1    1    1   82    1    1    1    1    1  4.71907E+12 0.01544 
   83    1    1    1   83    1    1    1    1    1  2.54449E+13 0.00726 
   84    1    1    1   84    1    1    1    1    1  8.30621E+13 0.00404 
   85    1    1    1   85    1    1    1    1    1  1.75880E+14 0.00287 
   86    1    1    1   86    1    1    1    1    1  2.39623E+14 0.00249 
   87    1    1    1   87    1    1    1    1    1  2.11396E+14 0.00256 
   88    1    1    1   88    1    1    1    1    1  1.22170E+14 0.00340 
   89    1    1    1   89    1    1    1    1    1  4.48170E+13 0.00514 
   90    1    1    1   90    1    1    1    1    1  1.15938E+13 0.01017 
   91    1    1    1   91    1    1    1    1    1  2.59311E+12 0.02109 
   92    1    1    1   92    1    1    1    1    1  1.35342E+13 0.00960 
   93    1    1    1   93    1    1    1    1    1  4.24982E+13 0.00528 
   94    1    1    1   94    1    1    1    1    1  8.77974E+13 0.00367 
   95    1    1    1   95    1    1    1    1    1  1.19443E+14 0.00335 
   96    1    1    1   96    1    1    1    1    1  1.05482E+14 0.00360 
   97    1    1    1   97    1    1    1    1    1  6.13331E+13 0.00436 
   98    1    1    1   98    1    1    1    1    1  2.35124E+13 0.00719 
   99    1    1    1   99    1    1    1    1    1  6.76010E+12 0.01321 
  100    1    1    1  100    1    1    1    1    1  1.55844E+12 0.02680 
  101    1    1    1  101    1    1    1    1    1  7.29416E+12 0.01237 
  102    1    1    1  102    1    1    1    1    1  2.20101E+13 0.00723 
  103    1    1    1  103    1    1    1    1    1  4.45053E+13 0.00481 
  104    1    1    1  104    1    1    1    1    1  5.98090E+13 0.00447 
  105    1    1    1  105    1    1    1    1    1  5.29353E+13 0.00459 
  106    1    1    1  106    1    1    1    1    1  3.11336E+13 0.00581 
  107    1    1    1  107    1    1    1    1    1  1.23340E+13 0.00921 
  108    1    1    1  108    1    1    1    1    1  4.15483E+12 0.01575 
];

