HIS_IMP_KEFF = [
   1  6.14277E-01 6.14277E-01 0.00000  
];

HIS_ANA_KEFF = [
   1  1.00000E+00 1.00000E+00 0.00000  6.14277E-01 6.14277E-01 0.00000  0.00000E+00 0.00000E+00 0.00000  
];

HIS_COL_KEFF = [
   1  6.14277E-01 6.14277E-01 0.00000  
];

HIS_ITER_VAL = [
   1  0.00000E+00 0.00000E+00 0.00000  
];

HIS_MEAN_POP_SIZE = [
   1  6.00000E+03 6.00000E+03 0.00000  
];

HIS_MEAN_POP_WGT = [
   1  6.00000E+03 6.00000E+03 0.00000  
];

HIS_TRANSPORT_RUNTIME = [
   1  5.25000E-01 5.25000E-01 0.00000  1.40500E+01 1.40500E+01 0.00000  
];

HIS_TRANSPORT_CPU_USAGE = [
   1  2.66855E+01 2.66855E+01 0.00000  
];

HIS_ENTR_SPT = [
   1  6.68746E-01 6.68746E-01 0.00000  6.64545E-01 6.64545E-01 0.00000  6.66469E-01 6.66469E-01 0.00000  6.82295E-01 6.82295E-01 0.00000  
];

HIS_ENTR_SWG = [
   1  6.68746E-01 6.68746E-01 0.00000  6.64545E-01 6.64545E-01 0.00000  6.66469E-01 6.66469E-01 0.00000  6.82295E-01 6.82295E-01 0.00000  
];

