
DETflux = [
    1    1    1    1    1    1    1    1    1    1  2.91760E+13 0.00885 
    2    1    1    1    2    1    1    1    1    1  1.91228E+14 0.00390 
    3    1    1    1    3    1    1    1    1    1  7.53749E+14 0.00222 
    4    1    1    1    4    1    1    1    1    1  1.77815E+15 0.00147 
    5    1    1    1    5    1    1    1    1    1  2.51978E+15 0.00132 
    6    1    1    1    6    1    1    1    1    1  2.18538E+15 0.00142 
    7    1    1    1    7    1    1    1    1    1  1.15149E+15 0.00189 
    8    1    1    1    8    1    1    1    1    1  3.63379E+14 0.00313 
    9    1    1    1    9    1    1    1    1    1  7.36110E+13 0.00624 
   10    1    1    1   10    1    1    1    1    1  5.79419E+13 0.00598 
   11    1    1    1   11    1    1    1    1    1  4.02115E+14 0.00261 
   12    1    1    1   12    1    1    1    1    1  1.59584E+15 0.00147 
   13    1    1    1   13    1    1    1    1    1  3.56694E+15 0.00096 
   14    1    1    1   14    1    1    1    1    1  4.80295E+15 0.00079 
   15    1    1    1   15    1    1    1    1    1  4.26703E+15 0.00090 
   16    1    1    1   16    1    1    1    1    1  2.40411E+15 0.00125 
   17    1    1    1   17    1    1    1    1    1  7.71771E+14 0.00209 
   18    1    1    1   18    1    1    1    1    1  1.44534E+14 0.00428 
   19    1    1    1   19    1    1    1    1    1  7.23263E+13 0.00528 
   20    1    1    1   20    1    1    1    1    1  5.10276E+14 0.00228 
   21    1    1    1   21    1    1    1    1    1  1.95894E+15 0.00127 
   22    1    1    1   22    1    1    1    1    1  4.09538E+15 0.00082 
   23    1    1    1   23    1    1    1    1    1  5.27062E+15 0.00067 
   24    1    1    1   24    1    1    1    1    1  4.76523E+15 0.00073 
   25    1    1    1   25    1    1    1    1    1  2.86784E+15 0.00104 
   26    1    1    1   26    1    1    1    1    1  9.65229E+14 0.00174 
   27    1    1    1   27    1    1    1    1    1  1.80464E+14 0.00350 
   28    1    1    1   28    1    1    1    1    1  7.05169E+13 0.00513 
   29    1    1    1   29    1    1    1    1    1  4.95047E+14 0.00234 
   30    1    1    1   30    1    1    1    1    1  1.84457E+15 0.00129 
   31    1    1    1   31    1    1    1    1    1  3.63727E+15 0.00084 
   32    1    1    1   32    1    1    1    1    1  4.53456E+15 0.00067 
   33    1    1    1   33    1    1    1    1    1  4.15986E+15 0.00074 
   34    1    1    1   34    1    1    1    1    1  2.62908E+15 0.00100 
   35    1    1    1   35    1    1    1    1    1  9.25960E+14 0.00169 
   36    1    1    1   36    1    1    1    1    1  1.76345E+14 0.00341 
   37    1    1    1   37    1    1    1    1    1  5.65816E+13 0.00544 
   38    1    1    1   38    1    1    1    1    1  3.92740E+14 0.00250 
   39    1    1    1   39    1    1    1    1    1  1.42931E+15 0.00136 
   40    1    1    1   40    1    1    1    1    1  2.76804E+15 0.00097 
   41    1    1    1   41    1    1    1    1    1  3.44015E+15 0.00076 
   42    1    1    1   42    1    1    1    1    1  3.15686E+15 0.00086 
   43    1    1    1   43    1    1    1    1    1  2.01284E+15 0.00111 
   44    1    1    1   44    1    1    1    1    1  7.26718E+14 0.00184 
   45    1    1    1   45    1    1    1    1    1  1.42494E+14 0.00364 
   46    1    1    1   46    1    1    1    1    1  3.88736E+13 0.00622 
   47    1    1    1   47    1    1    1    1    1  2.57859E+14 0.00269 
   48    1    1    1   48    1    1    1    1    1  9.24446E+14 0.00160 
   49    1    1    1   49    1    1    1    1    1  1.86073E+15 0.00112 
   50    1    1    1   50    1    1    1    1    1  2.39610E+15 0.00089 
   51    1    1    1   51    1    1    1    1    1  2.16107E+15 0.00105 
   52    1    1    1   52    1    1    1    1    1  1.31906E+15 0.00134 
   53    1    1    1   53    1    1    1    1    1  4.72013E+14 0.00213 
   54    1    1    1   54    1    1    1    1    1  9.64354E+13 0.00426 
   55    1    1    1   55    1    1    1    1    1  2.48076E+13 0.00750 
   56    1    1    1   56    1    1    1    1    1  1.54106E+14 0.00330 
   57    1    1    1   57    1    1    1    1    1  5.42829E+14 0.00194 
   58    1    1    1   58    1    1    1    1    1  1.13232E+15 0.00135 
   59    1    1    1   59    1    1    1    1    1  1.50488E+15 0.00113 
   60    1    1    1   60    1    1    1    1    1  1.33865E+15 0.00130 
   61    1    1    1   61    1    1    1    1    1  7.85473E+14 0.00158 
   62    1    1    1   62    1    1    1    1    1  2.78576E+14 0.00259 
   63    1    1    1   63    1    1    1    1    1  6.00829E+13 0.00501 
   64    1    1    1   64    1    1    1    1    1  1.44249E+13 0.00937 
   65    1    1    1   65    1    1    1    1    1  8.63179E+13 0.00416 
   66    1    1    1   66    1    1    1    1    1  2.96361E+14 0.00245 
   67    1    1    1   67    1    1    1    1    1  6.27013E+14 0.00178 
   68    1    1    1   68    1    1    1    1    1  8.45394E+14 0.00151 
   69    1    1    1   69    1    1    1    1    1  7.45955E+14 0.00155 
   70    1    1    1   70    1    1    1    1    1  4.31997E+14 0.00201 
   71    1    1    1   71    1    1    1    1    1  1.54122E+14 0.00329 
   72    1    1    1   72    1    1    1    1    1  3.51301E+13 0.00631 
   73    1    1    1   73    1    1    1    1    1  8.21479E+12 0.01210 
   74    1    1    1   74    1    1    1    1    1  4.65599E+13 0.00538 
   75    1    1    1   75    1    1    1    1    1  1.56522E+14 0.00307 
   76    1    1    1   76    1    1    1    1    1  3.29249E+14 0.00217 
   77    1    1    1   77    1    1    1    1    1  4.46446E+14 0.00184 
   78    1    1    1   78    1    1    1    1    1  3.92958E+14 0.00200 
   79    1    1    1   79    1    1    1    1    1  2.26497E+14 0.00256 
   80    1    1    1   80    1    1    1    1    1  8.18565E+13 0.00434 
   81    1    1    1   81    1    1    1    1    1  2.02019E+13 0.00780 
   82    1    1    1   82    1    1    1    1    1  4.43525E+12 0.01562 
   83    1    1    1   83    1    1    1    1    1  2.45713E+13 0.00707 
   84    1    1    1   84    1    1    1    1    1  8.08682E+13 0.00409 
   85    1    1    1   85    1    1    1    1    1  1.68836E+14 0.00291 
   86    1    1    1   86    1    1    1    1    1  2.27476E+14 0.00252 
   87    1    1    1   87    1    1    1    1    1  2.00981E+14 0.00260 
   88    1    1    1   88    1    1    1    1    1  1.16232E+14 0.00339 
   89    1    1    1   89    1    1    1    1    1  4.27219E+13 0.00542 
   90    1    1    1   90    1    1    1    1    1  1.12702E+13 0.01003 
   91    1    1    1   91    1    1    1    1    1  2.46769E+12 0.02065 
   92    1    1    1   92    1    1    1    1    1  1.30998E+13 0.00975 
   93    1    1    1   93    1    1    1    1    1  4.15212E+13 0.00541 
   94    1    1    1   94    1    1    1    1    1  8.53993E+13 0.00376 
   95    1    1    1   95    1    1    1    1    1  1.14601E+14 0.00342 
   96    1    1    1   96    1    1    1    1    1  1.01267E+14 0.00351 
   97    1    1    1   97    1    1    1    1    1  5.90076E+13 0.00466 
   98    1    1    1   98    1    1    1    1    1  2.23878E+13 0.00721 
   99    1    1    1   99    1    1    1    1    1  6.45601E+12 0.01277 
  100    1    1    1  100    1    1    1    1    1  1.45727E+12 0.02648 
  101    1    1    1  101    1    1    1    1    1  7.15932E+12 0.01228 
  102    1    1    1  102    1    1    1    1    1  2.17442E+13 0.00721 
  103    1    1    1  103    1    1    1    1    1  4.33717E+13 0.00495 
  104    1    1    1  104    1    1    1    1    1  5.78461E+13 0.00441 
  105    1    1    1  105    1    1    1    1    1  5.15876E+13 0.00474 
  106    1    1    1  106    1    1    1    1    1  3.04926E+13 0.00604 
  107    1    1    1  107    1    1    1    1    1  1.18087E+13 0.00952 
  108    1    1    1  108    1    1    1    1    1  3.84741E+12 0.01605 
];


