
DETflux = [
    1    1    1    1    1    1    1    1    1    1  2.86295E+13 0.00956 
    2    1    1    1    2    1    1    1    1    1  1.88325E+14 0.00416 
    3    1    1    1    3    1    1    1    1    1  7.45557E+14 0.00225 
    4    1    1    1    4    1    1    1    1    1  1.76766E+15 0.00147 
    5    1    1    1    5    1    1    1    1    1  2.51642E+15 0.00133 
    6    1    1    1    6    1    1    1    1    1  2.19488E+15 0.00136 
    7    1    1    1    7    1    1    1    1    1  1.15821E+15 0.00182 
    8    1    1    1    8    1    1    1    1    1  3.62940E+14 0.00315 
    9    1    1    1    9    1    1    1    1    1  7.27953E+13 0.00591 
   10    1    1    1   10    1    1    1    1    1  5.71550E+13 0.00603 
   11    1    1    1   11    1    1    1    1    1  3.98220E+14 0.00271 
   12    1    1    1   12    1    1    1    1    1  1.58035E+15 0.00152 
   13    1    1    1   13    1    1    1    1    1  3.55714E+15 0.00096 
   14    1    1    1   14    1    1    1    1    1  4.81575E+15 0.00076 
   15    1    1    1   15    1    1    1    1    1  4.28235E+15 0.00085 
   16    1    1    1   16    1    1    1    1    1  2.41166E+15 0.00119 
   17    1    1    1   17    1    1    1    1    1  7.75044E+14 0.00195 
   18    1    1    1   18    1    1    1    1    1  1.46113E+14 0.00389 
   19    1    1    1   19    1    1    1    1    1  7.17359E+13 0.00533 
   20    1    1    1   20    1    1    1    1    1  5.05470E+14 0.00233 
   21    1    1    1   21    1    1    1    1    1  1.94765E+15 0.00134 
   22    1    1    1   22    1    1    1    1    1  4.09275E+15 0.00083 
   23    1    1    1   23    1    1    1    1    1  5.27032E+15 0.00066 
   24    1    1    1   24    1    1    1    1    1  4.77619E+15 0.00071 
   25    1    1    1   25    1    1    1    1    1  2.87558E+15 0.00105 
   26    1    1    1   26    1    1    1    1    1  9.68751E+14 0.00172 
   27    1    1    1   27    1    1    1    1    1  1.81740E+14 0.00344 
   28    1    1    1   28    1    1    1    1    1  7.11967E+13 0.00505 
   29    1    1    1   29    1    1    1    1    1  4.92584E+14 0.00222 
   30    1    1    1   30    1    1    1    1    1  1.83065E+15 0.00120 
   31    1    1    1   31    1    1    1    1    1  3.63815E+15 0.00084 
   32    1    1    1   32    1    1    1    1    1  4.53229E+15 0.00067 
   33    1    1    1   33    1    1    1    1    1  4.16702E+15 0.00074 
   34    1    1    1   34    1    1    1    1    1  2.63972E+15 0.00105 
   35    1    1    1   35    1    1    1    1    1  9.30503E+14 0.00168 
   36    1    1    1   36    1    1    1    1    1  1.76307E+14 0.00346 
   37    1    1    1   37    1    1    1    1    1  5.78982E+13 0.00552 
   38    1    1    1   38    1    1    1    1    1  3.92052E+14 0.00240 
   39    1    1    1   39    1    1    1    1    1  1.41753E+15 0.00135 
   40    1    1    1   40    1    1    1    1    1  2.76399E+15 0.00093 
   41    1    1    1   41    1    1    1    1    1  3.43197E+15 0.00079 
   42    1    1    1   42    1    1    1    1    1  3.16040E+15 0.00081 
   43    1    1    1   43    1    1    1    1    1  2.02075E+15 0.00110 
   44    1    1    1   44    1    1    1    1    1  7.27423E+14 0.00178 
   45    1    1    1   45    1    1    1    1    1  1.41591E+14 0.00363 
   46    1    1    1   46    1    1    1    1    1  3.97390E+13 0.00604 
   47    1    1    1   47    1    1    1    1    1  2.56728E+14 0.00259 
   48    1    1    1   48    1    1    1    1    1  9.15580E+14 0.00158 
   49    1    1    1   49    1    1    1    1    1  1.85511E+15 0.00110 
   50    1    1    1   50    1    1    1    1    1  2.38922E+15 0.00094 
   51    1    1    1   51    1    1    1    1    1  2.16216E+15 0.00099 
   52    1    1    1   52    1    1    1    1    1  1.32171E+15 0.00136 
   53    1    1    1   53    1    1    1    1    1  4.72200E+14 0.00207 
   54    1    1    1   54    1    1    1    1    1  9.66901E+13 0.00403 
   55    1    1    1   55    1    1    1    1    1  2.46608E+13 0.00734 
   56    1    1    1   56    1    1    1    1    1  1.52072E+14 0.00337 
   57    1    1    1   57    1    1    1    1    1  5.38123E+14 0.00197 
   58    1    1    1   58    1    1    1    1    1  1.13004E+15 0.00134 
   59    1    1    1   59    1    1    1    1    1  1.50523E+15 0.00112 
   60    1    1    1   60    1    1    1    1    1  1.34274E+15 0.00122 
   61    1    1    1   61    1    1    1    1    1  7.85811E+14 0.00162 
   62    1    1    1   62    1    1    1    1    1  2.79031E+14 0.00257 
   63    1    1    1   63    1    1    1    1    1  5.92945E+13 0.00492 
   64    1    1    1   64    1    1    1    1    1  1.43955E+13 0.00944 
   65    1    1    1   65    1    1    1    1    1  8.48507E+13 0.00415 
   66    1    1    1   66    1    1    1    1    1  2.93977E+14 0.00243 
   67    1    1    1   67    1    1    1    1    1  6.24436E+14 0.00169 
   68    1    1    1   68    1    1    1    1    1  8.45935E+14 0.00144 
   69    1    1    1   69    1    1    1    1    1  7.47644E+14 0.00153 
   70    1    1    1   70    1    1    1    1    1  4.33463E+14 0.00197 
   71    1    1    1   71    1    1    1    1    1  1.54183E+14 0.00316 
   72    1    1    1   72    1    1    1    1    1  3.44990E+13 0.00610 
   73    1    1    1   73    1    1    1    1    1  8.15301E+12 0.01221 
   74    1    1    1   74    1    1    1    1    1  4.61266E+13 0.00552 
   75    1    1    1   75    1    1    1    1    1  1.55082E+14 0.00313 
   76    1    1    1   76    1    1    1    1    1  3.28693E+14 0.00217 
   77    1    1    1   77    1    1    1    1    1  4.47218E+14 0.00188 
   78    1    1    1   78    1    1    1    1    1  3.94974E+14 0.00205 
   79    1    1    1   79    1    1    1    1    1  2.28260E+14 0.00260 
   80    1    1    1   80    1    1    1    1    1  8.23513E+13 0.00406 
   81    1    1    1   81    1    1    1    1    1  1.97697E+13 0.00765 
   82    1    1    1   82    1    1    1    1    1  4.55315E+12 0.01595 
   83    1    1    1   83    1    1    1    1    1  2.44930E+13 0.00706 
   84    1    1    1   84    1    1    1    1    1  8.03617E+13 0.00396 
   85    1    1    1   85    1    1    1    1    1  1.68560E+14 0.00284 
   86    1    1    1   86    1    1    1    1    1  2.28124E+14 0.00253 
   87    1    1    1   87    1    1    1    1    1  2.03261E+14 0.00259 
   88    1    1    1   88    1    1    1    1    1  1.17835E+14 0.00342 
   89    1    1    1   89    1    1    1    1    1  4.32407E+13 0.00549 
   90    1    1    1   90    1    1    1    1    1  1.13605E+13 0.01015 
   91    1    1    1   91    1    1    1    1    1  2.45043E+12 0.02085 
   92    1    1    1   92    1    1    1    1    1  1.30186E+13 0.00933 
   93    1    1    1   93    1    1    1    1    1  4.11747E+13 0.00542 
   94    1    1    1   94    1    1    1    1    1  8.49974E+13 0.00381 
   95    1    1    1   95    1    1    1    1    1  1.15128E+14 0.00350 
   96    1    1    1   96    1    1    1    1    1  1.03194E+14 0.00348 
   97    1    1    1   97    1    1    1    1    1  5.96449E+13 0.00465 
   98    1    1    1   98    1    1    1    1    1  2.25630E+13 0.00724 
   99    1    1    1   99    1    1    1    1    1  6.52563E+12 0.01331 
  100    1    1    1  100    1    1    1    1    1  1.45575E+12 0.02709 
  101    1    1    1  101    1    1    1    1    1  7.00910E+12 0.01227 
  102    1    1    1  102    1    1    1    1    1  2.13451E+13 0.00741 
  103    1    1    1  103    1    1    1    1    1  4.32216E+13 0.00512 
  104    1    1    1  104    1    1    1    1    1  5.83622E+13 0.00478 
  105    1    1    1  105    1    1    1    1    1  5.22719E+13 0.00470 
  106    1    1    1  106    1    1    1    1    1  3.08822E+13 0.00609 
  107    1    1    1  107    1    1    1    1    1  1.19990E+13 0.00975 
  108    1    1    1  108    1    1    1    1    1  3.90928E+12 0.01589 
];


