
DETflux = [
    1    1    1    1    1    1    1    1    1    1  3.41290E+13 0.00838 
    2    1    1    1    2    1    1    1    1    1  2.22986E+14 0.00371 
    3    1    1    1    3    1    1    1    1    1  8.71710E+14 0.00211 
    4    1    1    1    4    1    1    1    1    1  2.04730E+15 0.00142 
    5    1    1    1    5    1    1    1    1    1  2.91339E+15 0.00128 
    6    1    1    1    6    1    1    1    1    1  2.53808E+15 0.00138 
    7    1    1    1    7    1    1    1    1    1  1.33939E+15 0.00178 
    8    1    1    1    8    1    1    1    1    1  4.24810E+14 0.00301 
    9    1    1    1    9    1    1    1    1    1  8.54879E+13 0.00584 
   10    1    1    1   10    1    1    1    1    1  6.41613E+13 0.00588 
   11    1    1    1   11    1    1    1    1    1  4.38575E+14 0.00251 
   12    1    1    1   12    1    1    1    1    1  1.67947E+15 0.00145 
   13    1    1    1   13    1    1    1    1    1  3.62900E+15 0.00098 
   14    1    1    1   14    1    1    1    1    1  4.81287E+15 0.00080 
   15    1    1    1   15    1    1    1    1    1  4.31937E+15 0.00086 
   16    1    1    1   16    1    1    1    1    1  2.50090E+15 0.00123 
   17    1    1    1   17    1    1    1    1    1  8.25935E+14 0.00197 
   18    1    1    1   18    1    1    1    1    1  1.59185E+14 0.00398 
   19    1    1    1   19    1    1    1    1    1  7.78893E+13 0.00490 
   20    1    1    1   20    1    1    1    1    1  5.33932E+14 0.00214 
   21    1    1    1   21    1    1    1    1    1  1.97555E+15 0.00126 
   22    1    1    1   22    1    1    1    1    1  3.94436E+15 0.00083 
   23    1    1    1   23    1    1    1    1    1  4.96911E+15 0.00071 
   24    1    1    1   24    1    1    1    1    1  4.55883E+15 0.00074 
   25    1    1    1   25    1    1    1    1    1  2.84273E+15 0.00103 
   26    1    1    1   26    1    1    1    1    1  9.98293E+14 0.00166 
   27    1    1    1   27    1    1    1    1    1  1.92051E+14 0.00348 
   28    1    1    1   28    1    1    1    1    1  7.50088E+13 0.00493 
   29    1    1    1   29    1    1    1    1    1  5.07574E+14 0.00220 
   30    1    1    1   30    1    1    1    1    1  1.81211E+15 0.00134 
   31    1    1    1   31    1    1    1    1    1  3.41904E+15 0.00088 
   32    1    1    1   32    1    1    1    1    1  4.17259E+15 0.00071 
   33    1    1    1   33    1    1    1    1    1  3.87291E+15 0.00080 
   34    1    1    1   34    1    1    1    1    1  2.54422E+15 0.00107 
   35    1    1    1   35    1    1    1    1    1  9.38669E+14 0.00160 
   36    1    1    1   36    1    1    1    1    1  1.86495E+14 0.00316 
   37    1    1    1   37    1    1    1    1    1  5.96419E+13 0.00531 
   38    1    1    1   38    1    1    1    1    1  3.96968E+14 0.00239 
   39    1    1    1   39    1    1    1    1    1  1.39058E+15 0.00143 
   40    1    1    1   40    1    1    1    1    1  2.59056E+15 0.00096 
   41    1    1    1   41    1    1    1    1    1  3.16101E+15 0.00081 
   42    1    1    1   42    1    1    1    1    1  2.93391E+15 0.00091 
   43    1    1    1   43    1    1    1    1    1  1.93482E+15 0.00120 
   44    1    1    1   44    1    1    1    1    1  7.28162E+14 0.00186 
   45    1    1    1   45    1    1    1    1    1  1.48196E+14 0.00352 
   46    1    1    1   46    1    1    1    1    1  4.10320E+13 0.00619 
   47    1    1    1   47    1    1    1    1    1  2.61633E+14 0.00282 
   48    1    1    1   48    1    1    1    1    1  9.01985E+14 0.00164 
   49    1    1    1   49    1    1    1    1    1  1.76319E+15 0.00117 
   50    1    1    1   50    1    1    1    1    1  2.23697E+15 0.00097 
   51    1    1    1   51    1    1    1    1    1  2.04139E+15 0.00100 
   52    1    1    1   52    1    1    1    1    1  1.27949E+15 0.00141 
   53    1    1    1   53    1    1    1    1    1  4.73878E+14 0.00225 
   54    1    1    1   54    1    1    1    1    1  1.00052E+14 0.00414 
   55    1    1    1   55    1    1    1    1    1  2.57348E+13 0.00720 
   56    1    1    1   56    1    1    1    1    1  1.56412E+14 0.00331 
   57    1    1    1   57    1    1    1    1    1  5.36267E+14 0.00184 
   58    1    1    1   58    1    1    1    1    1  1.09257E+15 0.00134 
   59    1    1    1   59    1    1    1    1    1  1.43200E+15 0.00119 
   60    1    1    1   60    1    1    1    1    1  1.28907E+15 0.00117 
   61    1    1    1   61    1    1    1    1    1  7.73055E+14 0.00159 
   62    1    1    1   62    1    1    1    1    1  2.82773E+14 0.00250 
   63    1    1    1   63    1    1    1    1    1  6.16882E+13 0.00503 
   64    1    1    1   64    1    1    1    1    1  1.51735E+13 0.00922 
   65    1    1    1   65    1    1    1    1    1  8.84810E+13 0.00413 
   66    1    1    1   66    1    1    1    1    1  2.96874E+14 0.00245 
   67    1    1    1   67    1    1    1    1    1  6.12972E+14 0.00169 
   68    1    1    1   68    1    1    1    1    1  8.18624E+14 0.00157 
   69    1    1    1   69    1    1    1    1    1  7.31250E+14 0.00148 
   70    1    1    1   70    1    1    1    1    1  4.30600E+14 0.00196 
   71    1    1    1   71    1    1    1    1    1  1.57154E+14 0.00320 
   72    1    1    1   72    1    1    1    1    1  3.62474E+13 0.00612 
   73    1    1    1   73    1    1    1    1    1  8.68614E+12 0.01143 
   74    1    1    1   74    1    1    1    1    1  4.83157E+13 0.00522 
   75    1    1    1   75    1    1    1    1    1  1.57590E+14 0.00312 
   76    1    1    1   76    1    1    1    1    1  3.26300E+14 0.00223 
   77    1    1    1   77    1    1    1    1    1  4.38928E+14 0.00194 
   78    1    1    1   78    1    1    1    1    1  3.91494E+14 0.00197 
   79    1    1    1   79    1    1    1    1    1  2.29046E+14 0.00252 
   80    1    1    1   80    1    1    1    1    1  8.43863E+13 0.00415 
   81    1    1    1   81    1    1    1    1    1  2.07880E+13 0.00788 
   82    1    1    1   82    1    1    1    1    1  4.78626E+12 0.01480 
   83    1    1    1   83    1    1    1    1    1  2.57868E+13 0.00700 
   84    1    1    1   84    1    1    1    1    1  8.14863E+13 0.00403 
   85    1    1    1   85    1    1    1    1    1  1.69201E+14 0.00290 
   86    1    1    1   86    1    1    1    1    1  2.26727E+14 0.00245 
   87    1    1    1   87    1    1    1    1    1  2.02782E+14 0.00264 
   88    1    1    1   88    1    1    1    1    1  1.19142E+14 0.00340 
   89    1    1    1   89    1    1    1    1    1  4.43142E+13 0.00544 
   90    1    1    1   90    1    1    1    1    1  1.17665E+13 0.00962 
   91    1    1    1   91    1    1    1    1    1  2.64728E+12 0.01966 
   92    1    1    1   92    1    1    1    1    1  1.38080E+13 0.00946 
   93    1    1    1   93    1    1    1    1    1  4.22838E+13 0.00548 
   94    1    1    1   94    1    1    1    1    1  8.62271E+13 0.00374 
   95    1    1    1   95    1    1    1    1    1  1.15492E+14 0.00319 
   96    1    1    1   96    1    1    1    1    1  1.03036E+14 0.00347 
   97    1    1    1   97    1    1    1    1    1  6.07292E+13 0.00452 
   98    1    1    1   98    1    1    1    1    1  2.32170E+13 0.00750 
   99    1    1    1   99    1    1    1    1    1  6.78703E+12 0.01239 
  100    1    1    1  100    1    1    1    1    1  1.57429E+12 0.02484 
  101    1    1    1  101    1    1    1    1    1  7.40998E+12 0.01221 
  102    1    1    1  102    1    1    1    1    1  2.20341E+13 0.00720 
  103    1    1    1  103    1    1    1    1    1  4.45247E+13 0.00484 
  104    1    1    1  104    1    1    1    1    1  5.90599E+13 0.00428 
  105    1    1    1  105    1    1    1    1    1  5.27011E+13 0.00458 
  106    1    1    1  106    1    1    1    1    1  3.16626E+13 0.00596 
  107    1    1    1  107    1    1    1    1    1  1.26802E+13 0.00909 
  108    1    1    1  108    1    1    1    1    1  4.13222E+12 0.01539 
];


