
DETflux = [
    1    1    1    1    1    1    1    1    1    1  2.51498E+13 0.00989 
    2    1    1    1    2    1    1    1    1    1  1.64246E+14 0.00432 
    3    1    1    1    3    1    1    1    1    1  6.48479E+14 0.00238 
    4    1    1    1    4    1    1    1    1    1  1.54048E+15 0.00166 
    5    1    1    1    5    1    1    1    1    1  2.19078E+15 0.00140 
    6    1    1    1    6    1    1    1    1    1  1.88630E+15 0.00147 
    7    1    1    1    7    1    1    1    1    1  9.90619E+14 0.00196 
    8    1    1    1    8    1    1    1    1    1  3.11203E+14 0.00325 
    9    1    1    1    9    1    1    1    1    1  6.29993E+13 0.00656 
   10    1    1    1   10    1    1    1    1    1  5.21505E+13 0.00643 
   11    1    1    1   11    1    1    1    1    1  3.68970E+14 0.00265 
   12    1    1    1   12    1    1    1    1    1  1.50401E+15 0.00154 
   13    1    1    1   13    1    1    1    1    1  3.49060E+15 0.00099 
   14    1    1    1   14    1    1    1    1    1  4.79937E+15 0.00082 
   15    1    1    1   15    1    1    1    1    1  4.20379E+15 0.00094 
   16    1    1    1   16    1    1    1    1    1  2.29107E+15 0.00126 
   17    1    1    1   17    1    1    1    1    1  7.17021E+14 0.00207 
   18    1    1    1   18    1    1    1    1    1  1.32500E+14 0.00416 
   19    1    1    1   19    1    1    1    1    1  6.74644E+13 0.00559 
   20    1    1    1   20    1    1    1    1    1  4.87495E+14 0.00241 
   21    1    1    1   21    1    1    1    1    1  1.93950E+15 0.00130 
   22    1    1    1   22    1    1    1    1    1  4.24089E+15 0.00084 
   23    1    1    1   23    1    1    1    1    1  5.58931E+15 0.00064 
   24    1    1    1   24    1    1    1    1    1  4.98860E+15 0.00074 
   25    1    1    1   25    1    1    1    1    1  2.88140E+15 0.00104 
   26    1    1    1   26    1    1    1    1    1  9.31205E+14 0.00168 
   27    1    1    1   27    1    1    1    1    1  1.70274E+14 0.00358 
   28    1    1    1   28    1    1    1    1    1  6.79258E+13 0.00525 
   29    1    1    1   29    1    1    1    1    1  4.84762E+14 0.00236 
   30    1    1    1   30    1    1    1    1    1  1.87219E+15 0.00125 
   31    1    1    1   31    1    1    1    1    1  3.87014E+15 0.00085 
   32    1    1    1   32    1    1    1    1    1  4.93576E+15 0.00062 
   33    1    1    1   33    1    1    1    1    1  4.47592E+15 0.00071 
   34    1    1    1   34    1    1    1    1    1  2.71495E+15 0.00098 
   35    1    1    1   35    1    1    1    1    1  9.14587E+14 0.00167 
   36    1    1    1   36    1    1    1    1    1  1.69418E+14 0.00361 
   37    1    1    1   37    1    1    1    1    1  5.54652E+13 0.00555 
   38    1    1    1   38    1    1    1    1    1  3.86549E+14 0.00244 
   39    1    1    1   39    1    1    1    1    1  1.45698E+15 0.00135 
   40    1    1    1   40    1    1    1    1    1  2.94627E+15 0.00095 
   41    1    1    1   41    1    1    1    1    1  3.73463E+15 0.00076 
   42    1    1    1   42    1    1    1    1    1  3.40480E+15 0.00082 
   43    1    1    1   43    1    1    1    1    1  2.09709E+15 0.00114 
   44    1    1    1   44    1    1    1    1    1  7.26007E+14 0.00192 
   45    1    1    1   45    1    1    1    1    1  1.37402E+14 0.00376 
   46    1    1    1   46    1    1    1    1    1  3.84363E+13 0.00626 
   47    1    1    1   47    1    1    1    1    1  2.54084E+14 0.00282 
   48    1    1    1   48    1    1    1    1    1  9.35635E+14 0.00162 
   49    1    1    1   49    1    1    1    1    1  1.94521E+15 0.00110 
   50    1    1    1   50    1    1    1    1    1  2.54765E+15 0.00095 
   51    1    1    1   51    1    1    1    1    1  2.28965E+15 0.00098 
   52    1    1    1   52    1    1    1    1    1  1.35922E+15 0.00129 
   53    1    1    1   53    1    1    1    1    1  4.70577E+14 0.00218 
   54    1    1    1   54    1    1    1    1    1  9.41556E+13 0.00420 
   55    1    1    1   55    1    1    1    1    1  2.40189E+13 0.00719 
   56    1    1    1   56    1    1    1    1    1  1.50815E+14 0.00333 
   57    1    1    1   57    1    1    1    1    1  5.43454E+14 0.00187 
   58    1    1    1   58    1    1    1    1    1  1.16460E+15 0.00133 
   59    1    1    1   59    1    1    1    1    1  1.56968E+15 0.00115 
   60    1    1    1   60    1    1    1    1    1  1.39052E+15 0.00122 
   61    1    1    1   61    1    1    1    1    1  7.99577E+14 0.00163 
   62    1    1    1   62    1    1    1    1    1  2.75449E+14 0.00258 
   63    1    1    1   63    1    1    1    1    1  5.76114E+13 0.00515 
   64    1    1    1   64    1    1    1    1    1  1.41896E+13 0.00926 
   65    1    1    1   65    1    1    1    1    1  8.38188E+13 0.00404 
   66    1    1    1   66    1    1    1    1    1  2.95073E+14 0.00238 
   67    1    1    1   67    1    1    1    1    1  6.34798E+14 0.00163 
   68    1    1    1   68    1    1    1    1    1  8.64699E+14 0.00140 
   69    1    1    1   69    1    1    1    1    1  7.61147E+14 0.00157 
   70    1    1    1   70    1    1    1    1    1  4.32401E+14 0.00210 
   71    1    1    1   71    1    1    1    1    1  1.51445E+14 0.00333 
   72    1    1    1   72    1    1    1    1    1  3.36704E+13 0.00620 
   73    1    1    1   73    1    1    1    1    1  8.20132E+12 0.01199 
   74    1    1    1   74    1    1    1    1    1  4.50040E+13 0.00525 
   75    1    1    1   75    1    1    1    1    1  1.53628E+14 0.00307 
   76    1    1    1   76    1    1    1    1    1  3.29406E+14 0.00216 
   77    1    1    1   77    1    1    1    1    1  4.49410E+14 0.00192 
   78    1    1    1   78    1    1    1    1    1  3.94934E+14 0.00200 
   79    1    1    1   79    1    1    1    1    1  2.24650E+14 0.00266 
   80    1    1    1   80    1    1    1    1    1  7.98260E+13 0.00424 
   81    1    1    1   81    1    1    1    1    1  1.91269E+13 0.00803 
   82    1    1    1   82    1    1    1    1    1  4.34483E+12 0.01573 
   83    1    1    1   83    1    1    1    1    1  2.36842E+13 0.00737 
   84    1    1    1   84    1    1    1    1    1  7.86950E+13 0.00402 
   85    1    1    1   85    1    1    1    1    1  1.66679E+14 0.00288 
   86    1    1    1   86    1    1    1    1    1  2.27429E+14 0.00251 
   87    1    1    1   87    1    1    1    1    1  2.00595E+14 0.00266 
   88    1    1    1   88    1    1    1    1    1  1.14609E+14 0.00357 
   89    1    1    1   89    1    1    1    1    1  4.16134E+13 0.00549 
   90    1    1    1   90    1    1    1    1    1  1.07716E+13 0.01038 
   91    1    1    1   91    1    1    1    1    1  2.36991E+12 0.02155 
   92    1    1    1   92    1    1    1    1    1  1.23622E+13 0.00960 
   93    1    1    1   93    1    1    1    1    1  3.98851E+13 0.00537 
   94    1    1    1   94    1    1    1    1    1  8.34056E+13 0.00384 
   95    1    1    1   95    1    1    1    1    1  1.13556E+14 0.00333 
   96    1    1    1   96    1    1    1    1    1  1.00250E+14 0.00359 
   97    1    1    1   97    1    1    1    1    1  5.79312E+13 0.00481 
   98    1    1    1   98    1    1    1    1    1  2.16867E+13 0.00729 
   99    1    1    1   99    1    1    1    1    1  6.15653E+12 0.01248 
  100    1    1    1  100    1    1    1    1    1  1.33426E+12 0.02675 
  101    1    1    1  101    1    1    1    1    1  6.71491E+12 0.01269 
  102    1    1    1  102    1    1    1    1    1  2.04820E+13 0.00736 
  103    1    1    1  103    1    1    1    1    1  4.19896E+13 0.00534 
  104    1    1    1  104    1    1    1    1    1  5.70445E+13 0.00449 
  105    1    1    1  105    1    1    1    1    1  5.04678E+13 0.00489 
  106    1    1    1  106    1    1    1    1    1  2.97857E+13 0.00639 
  107    1    1    1  107    1    1    1    1    1  1.15004E+13 0.00921 
  108    1    1    1  108    1    1    1    1    1  3.61702E+12 0.01612 
];


