
DETflux = [
    1    1    1    1    1    1    1    1    1    1  2.47707E+13 0.00966 
    2    1    1    1    2    1    1    1    1    1  1.64129E+14 0.00442 
    3    1    1    1    3    1    1    1    1    1  6.43454E+14 0.00220 
    4    1    1    1    4    1    1    1    1    1  1.53396E+15 0.00159 
    5    1    1    1    5    1    1    1    1    1  2.18231E+15 0.00134 
    6    1    1    1    6    1    1    1    1    1  1.90059E+15 0.00153 
    7    1    1    1    7    1    1    1    1    1  1.00022E+15 0.00195 
    8    1    1    1    8    1    1    1    1    1  3.13695E+14 0.00315 
    9    1    1    1    9    1    1    1    1    1  6.36150E+13 0.00650 
   10    1    1    1   10    1    1    1    1    1  5.25911E+13 0.00643 
   11    1    1    1   11    1    1    1    1    1  3.69256E+14 0.00279 
   12    1    1    1   12    1    1    1    1    1  1.49831E+15 0.00144 
   13    1    1    1   13    1    1    1    1    1  3.47862E+15 0.00102 
   14    1    1    1   14    1    1    1    1    1  4.78456E+15 0.00085 
   15    1    1    1   15    1    1    1    1    1  4.21577E+15 0.00094 
   16    1    1    1   16    1    1    1    1    1  2.30355E+15 0.00122 
   17    1    1    1   17    1    1    1    1    1  7.18183E+14 0.00206 
   18    1    1    1   18    1    1    1    1    1  1.31801E+14 0.00421 
   19    1    1    1   19    1    1    1    1    1  6.79422E+13 0.00556 
   20    1    1    1   20    1    1    1    1    1  4.83959E+14 0.00222 
   21    1    1    1   21    1    1    1    1    1  1.92738E+15 0.00122 
   22    1    1    1   22    1    1    1    1    1  4.22479E+15 0.00085 
   23    1    1    1   23    1    1    1    1    1  5.58193E+15 0.00066 
   24    1    1    1   24    1    1    1    1    1  4.99528E+15 0.00069 
   25    1    1    1   25    1    1    1    1    1  2.88819E+15 0.00105 
   26    1    1    1   26    1    1    1    1    1  9.33034E+14 0.00172 
   27    1    1    1   27    1    1    1    1    1  1.68361E+14 0.00358 
   28    1    1    1   28    1    1    1    1    1  6.73276E+13 0.00506 
   29    1    1    1   29    1    1    1    1    1  4.82032E+14 0.00219 
   30    1    1    1   30    1    1    1    1    1  1.86169E+15 0.00121 
   31    1    1    1   31    1    1    1    1    1  3.85934E+15 0.00081 
   32    1    1    1   32    1    1    1    1    1  4.93709E+15 0.00065 
   33    1    1    1   33    1    1    1    1    1  4.48265E+15 0.00068 
   34    1    1    1   34    1    1    1    1    1  2.72416E+15 0.00102 
   35    1    1    1   35    1    1    1    1    1  9.15145E+14 0.00170 
   36    1    1    1   36    1    1    1    1    1  1.68149E+14 0.00336 
   37    1    1    1   37    1    1    1    1    1  5.55015E+13 0.00518 
   38    1    1    1   38    1    1    1    1    1  3.86944E+14 0.00234 
   39    1    1    1   39    1    1    1    1    1  1.45098E+15 0.00133 
   40    1    1    1   40    1    1    1    1    1  2.94344E+15 0.00085 
   41    1    1    1   41    1    1    1    1    1  3.74691E+15 0.00074 
   42    1    1    1   42    1    1    1    1    1  3.41105E+15 0.00082 
   43    1    1    1   43    1    1    1    1    1  2.10249E+15 0.00111 
   44    1    1    1   44    1    1    1    1    1  7.24101E+14 0.00182 
   45    1    1    1   45    1    1    1    1    1  1.36211E+14 0.00378 
   46    1    1    1   46    1    1    1    1    1  3.79228E+13 0.00610 
   47    1    1    1   47    1    1    1    1    1  2.53538E+14 0.00266 
   48    1    1    1   48    1    1    1    1    1  9.32011E+14 0.00155 
   49    1    1    1   49    1    1    1    1    1  1.94346E+15 0.00103 
   50    1    1    1   50    1    1    1    1    1  2.55683E+15 0.00089 
   51    1    1    1   51    1    1    1    1    1  2.29784E+15 0.00096 
   52    1    1    1   52    1    1    1    1    1  1.36275E+15 0.00132 
   53    1    1    1   53    1    1    1    1    1  4.69617E+14 0.00205 
   54    1    1    1   54    1    1    1    1    1  9.29513E+13 0.00432 
   55    1    1    1   55    1    1    1    1    1  2.34827E+13 0.00771 
   56    1    1    1   56    1    1    1    1    1  1.49715E+14 0.00327 
   57    1    1    1   57    1    1    1    1    1  5.43207E+14 0.00187 
   58    1    1    1   58    1    1    1    1    1  1.16555E+15 0.00129 
   59    1    1    1   59    1    1    1    1    1  1.57420E+15 0.00114 
   60    1    1    1   60    1    1    1    1    1  1.39639E+15 0.00124 
   61    1    1    1   61    1    1    1    1    1  8.00683E+14 0.00163 
   62    1    1    1   62    1    1    1    1    1  2.74590E+14 0.00253 
   63    1    1    1   63    1    1    1    1    1  5.74050E+13 0.00495 
   64    1    1    1   64    1    1    1    1    1  1.37687E+13 0.00928 
   65    1    1    1   65    1    1    1    1    1  8.35733E+13 0.00422 
   66    1    1    1   66    1    1    1    1    1  2.95079E+14 0.00250 
   67    1    1    1   67    1    1    1    1    1  6.34480E+14 0.00161 
   68    1    1    1   68    1    1    1    1    1  8.64324E+14 0.00150 
   69    1    1    1   69    1    1    1    1    1  7.64100E+14 0.00161 
   70    1    1    1   70    1    1    1    1    1  4.33877E+14 0.00211 
   71    1    1    1   71    1    1    1    1    1  1.50562E+14 0.00319 
   72    1    1    1   72    1    1    1    1    1  3.35978E+13 0.00625 
   73    1    1    1   73    1    1    1    1    1  7.86687E+12 0.01248 
   74    1    1    1   74    1    1    1    1    1  4.52952E+13 0.00531 
   75    1    1    1   75    1    1    1    1    1  1.53826E+14 0.00318 
   76    1    1    1   76    1    1    1    1    1  3.28826E+14 0.00214 
   77    1    1    1   77    1    1    1    1    1  4.50089E+14 0.00192 
   78    1    1    1   78    1    1    1    1    1  3.96097E+14 0.00205 
   79    1    1    1   79    1    1    1    1    1  2.25192E+14 0.00257 
   80    1    1    1   80    1    1    1    1    1  7.98134E+13 0.00412 
   81    1    1    1   81    1    1    1    1    1  1.92045E+13 0.00827 
   82    1    1    1   82    1    1    1    1    1  4.32557E+12 0.01640 
   83    1    1    1   83    1    1    1    1    1  2.38306E+13 0.00749 
   84    1    1    1   84    1    1    1    1    1  7.83818E+13 0.00379 
   85    1    1    1   85    1    1    1    1    1  1.66137E+14 0.00278 
   86    1    1    1   86    1    1    1    1    1  2.25977E+14 0.00267 
   87    1    1    1   87    1    1    1    1    1  2.00470E+14 0.00266 
   88    1    1    1   88    1    1    1    1    1  1.14892E+14 0.00347 
   89    1    1    1   89    1    1    1    1    1  4.18839E+13 0.00548 
   90    1    1    1   90    1    1    1    1    1  1.09560E+13 0.01053 
   91    1    1    1   91    1    1    1    1    1  2.40037E+12 0.02218 
   92    1    1    1   92    1    1    1    1    1  1.24822E+13 0.00972 
   93    1    1    1   93    1    1    1    1    1  3.98335E+13 0.00531 
   94    1    1    1   94    1    1    1    1    1  8.30638E+13 0.00377 
   95    1    1    1   95    1    1    1    1    1  1.12731E+14 0.00340 
   96    1    1    1   96    1    1    1    1    1  9.96923E+13 0.00358 
   97    1    1    1   97    1    1    1    1    1  5.84294E+13 0.00460 
   98    1    1    1   98    1    1    1    1    1  2.15107E+13 0.00743 
   99    1    1    1   99    1    1    1    1    1  6.17783E+12 0.01297 
  100    1    1    1  100    1    1    1    1    1  1.44138E+12 0.02787 
  101    1    1    1  101    1    1    1    1    1  6.73433E+12 0.01324 
  102    1    1    1  102    1    1    1    1    1  2.06948E+13 0.00712 
  103    1    1    1  103    1    1    1    1    1  4.20792E+13 0.00513 
  104    1    1    1  104    1    1    1    1    1  5.69076E+13 0.00460 
  105    1    1    1  105    1    1    1    1    1  5.06309E+13 0.00479 
  106    1    1    1  106    1    1    1    1    1  2.96369E+13 0.00626 
  107    1    1    1  107    1    1    1    1    1  1.14594E+13 0.00982 
  108    1    1    1  108    1    1    1    1    1  3.71865E+12 0.01721 
];


