
DETflux = [
    1    1    1    1    1    1    1    1    1    1  2.10811E+13 0.01109 
    2    1    1    1    2    1    1    1    1    1  1.40062E+14 0.00498 
    3    1    1    1    3    1    1    1    1    1  5.55666E+14 0.00250 
    4    1    1    1    4    1    1    1    1    1  1.33688E+15 0.00164 
    5    1    1    1    5    1    1    1    1    1  1.92294E+15 0.00134 
    6    1    1    1    6    1    1    1    1    1  1.66378E+15 0.00153 
    7    1    1    1    7    1    1    1    1    1  8.69218E+14 0.00210 
    8    1    1    1    8    1    1    1    1    1  2.68179E+14 0.00349 
    9    1    1    1    9    1    1    1    1    1  5.42045E+13 0.00682 
   10    1    1    1   10    1    1    1    1    1  4.66931E+13 0.00670 
   11    1    1    1   11    1    1    1    1    1  3.34450E+14 0.00303 
   12    1    1    1   12    1    1    1    1    1  1.40214E+15 0.00156 
   13    1    1    1   13    1    1    1    1    1  3.38280E+15 0.00094 
   14    1    1    1   14    1    1    1    1    1  4.77096E+15 0.00078 
   15    1    1    1   15    1    1    1    1    1  4.16739E+15 0.00088 
   16    1    1    1   16    1    1    1    1    1  2.20181E+15 0.00121 
   17    1    1    1   17    1    1    1    1    1  6.62419E+14 0.00216 
   18    1    1    1   18    1    1    1    1    1  1.19447E+14 0.00442 
   19    1    1    1   19    1    1    1    1    1  6.16324E+13 0.00570 
   20    1    1    1   20    1    1    1    1    1  4.55422E+14 0.00248 
   21    1    1    1   21    1    1    1    1    1  1.89070E+15 0.00127 
   22    1    1    1   22    1    1    1    1    1  4.34478E+15 0.00079 
   23    1    1    1   23    1    1    1    1    1  5.90767E+15 0.00063 
   24    1    1    1   24    1    1    1    1    1  5.24530E+15 0.00065 
   25    1    1    1   25    1    1    1    1    1  2.90950E+15 0.00096 
   26    1    1    1   26    1    1    1    1    1  8.99264E+14 0.00177 
   27    1    1    1   27    1    1    1    1    1  1.58754E+14 0.00376 
   28    1    1    1   28    1    1    1    1    1  6.22597E+13 0.00532 
   29    1    1    1   29    1    1    1    1    1  4.64674E+14 0.00243 
   30    1    1    1   30    1    1    1    1    1  1.87893E+15 0.00123 
   31    1    1    1   31    1    1    1    1    1  4.09020E+15 0.00076 
   32    1    1    1   32    1    1    1    1    1  5.37579E+15 0.00061 
   33    1    1    1   33    1    1    1    1    1  4.83655E+15 0.00065 
   34    1    1    1   34    1    1    1    1    1  2.83087E+15 0.00102 
   35    1    1    1   35    1    1    1    1    1  9.11385E+14 0.00172 
   36    1    1    1   36    1    1    1    1    1  1.61149E+14 0.00351 
   37    1    1    1   37    1    1    1    1    1  5.21535E+13 0.00545 
   38    1    1    1   38    1    1    1    1    1  3.75450E+14 0.00250 
   39    1    1    1   39    1    1    1    1    1  1.47922E+15 0.00132 
   40    1    1    1   40    1    1    1    1    1  3.13913E+15 0.00088 
   41    1    1    1   41    1    1    1    1    1  4.08277E+15 0.00068 
   42    1    1    1   42    1    1    1    1    1  3.68286E+15 0.00078 
   43    1    1    1   43    1    1    1    1    1  2.19622E+15 0.00112 
   44    1    1    1   44    1    1    1    1    1  7.28305E+14 0.00183 
   45    1    1    1   45    1    1    1    1    1  1.32679E+14 0.00374 
   46    1    1    1   46    1    1    1    1    1  3.63145E+13 0.00652 
   47    1    1    1   47    1    1    1    1    1  2.46637E+14 0.00279 
   48    1    1    1   48    1    1    1    1    1  9.40231E+14 0.00157 
   49    1    1    1   49    1    1    1    1    1  2.04539E+15 0.00104 
   50    1    1    1   50    1    1    1    1    1  2.72946E+15 0.00086 
   51    1    1    1   51    1    1    1    1    1  2.43380E+15 0.00090 
   52    1    1    1   52    1    1    1    1    1  1.40567E+15 0.00129 
   53    1    1    1   53    1    1    1    1    1  4.69728E+14 0.00205 
   54    1    1    1   54    1    1    1    1    1  9.03968E+13 0.00441 
   55    1    1    1   55    1    1    1    1    1  2.27853E+13 0.00765 
   56    1    1    1   56    1    1    1    1    1  1.45993E+14 0.00346 
   57    1    1    1   57    1    1    1    1    1  5.41856E+14 0.00186 
   58    1    1    1   58    1    1    1    1    1  1.19795E+15 0.00130 
   59    1    1    1   59    1    1    1    1    1  1.64188E+15 0.00109 
   60    1    1    1   60    1    1    1    1    1  1.44758E+15 0.00115 
   61    1    1    1   61    1    1    1    1    1  8.12102E+14 0.00153 
   62    1    1    1   62    1    1    1    1    1  2.72312E+14 0.00253 
   63    1    1    1   63    1    1    1    1    1  5.55278E+13 0.00530 
   64    1    1    1   64    1    1    1    1    1  1.31789E+13 0.00966 
   65    1    1    1   65    1    1    1    1    1  8.08545E+13 0.00417 
   66    1    1    1   66    1    1    1    1    1  2.89903E+14 0.00233 
   67    1    1    1   67    1    1    1    1    1  6.38334E+14 0.00167 
   68    1    1    1   68    1    1    1    1    1  8.82453E+14 0.00139 
   69    1    1    1   69    1    1    1    1    1  7.76056E+14 0.00145 
   70    1    1    1   70    1    1    1    1    1  4.34629E+14 0.00195 
   71    1    1    1   71    1    1    1    1    1  1.48350E+14 0.00320 
   72    1    1    1   72    1    1    1    1    1  3.26376E+13 0.00643 
   73    1    1    1   73    1    1    1    1    1  7.26102E+12 0.01258 
   74    1    1    1   74    1    1    1    1    1  4.31138E+13 0.00572 
   75    1    1    1   75    1    1    1    1    1  1.49589E+14 0.00314 
   76    1    1    1   76    1    1    1    1    1  3.25970E+14 0.00213 
   77    1    1    1   77    1    1    1    1    1  4.48930E+14 0.00176 
   78    1    1    1   78    1    1    1    1    1  3.96348E+14 0.00195 
   79    1    1    1   79    1    1    1    1    1  2.23403E+14 0.00258 
   80    1    1    1   80    1    1    1    1    1  7.79828E+13 0.00418 
   81    1    1    1   81    1    1    1    1    1  1.85032E+13 0.00841 
   82    1    1    1   82    1    1    1    1    1  4.00877E+12 0.01739 
   83    1    1    1   83    1    1    1    1    1  2.23035E+13 0.00736 
   84    1    1    1   84    1    1    1    1    1  7.58473E+13 0.00406 
   85    1    1    1   85    1    1    1    1    1  1.63247E+14 0.00281 
   86    1    1    1   86    1    1    1    1    1  2.22908E+14 0.00247 
   87    1    1    1   87    1    1    1    1    1  1.97430E+14 0.00259 
   88    1    1    1   88    1    1    1    1    1  1.12230E+14 0.00343 
   89    1    1    1   89    1    1    1    1    1  4.05428E+13 0.00564 
   90    1    1    1   90    1    1    1    1    1  1.04572E+13 0.01077 
   91    1    1    1   91    1    1    1    1    1  2.23236E+12 0.02167 
   92    1    1    1   92    1    1    1    1    1  1.17585E+13 0.00956 
   93    1    1    1   93    1    1    1    1    1  3.84162E+13 0.00548 
   94    1    1    1   94    1    1    1    1    1  8.06328E+13 0.00394 
   95    1    1    1   95    1    1    1    1    1  1.09652E+14 0.00342 
   96    1    1    1   96    1    1    1    1    1  9.71428E+13 0.00358 
   97    1    1    1   97    1    1    1    1    1  5.61541E+13 0.00466 
   98    1    1    1   98    1    1    1    1    1  2.06784E+13 0.00751 
   99    1    1    1   99    1    1    1    1    1  5.88231E+12 0.01339 
  100    1    1    1  100    1    1    1    1    1  1.25022E+12 0.02898 
  101    1    1    1  101    1    1    1    1    1  6.34608E+12 0.01299 
  102    1    1    1  102    1    1    1    1    1  1.97328E+13 0.00750 
  103    1    1    1  103    1    1    1    1    1  4.01456E+13 0.00537 
  104    1    1    1  104    1    1    1    1    1  5.45832E+13 0.00482 
  105    1    1    1  105    1    1    1    1    1  4.87561E+13 0.00507 
  106    1    1    1  106    1    1    1    1    1  2.83176E+13 0.00612 
  107    1    1    1  107    1    1    1    1    1  1.10427E+13 0.00984 
  108    1    1    1  108    1    1    1    1    1  3.54264E+12 0.01676 
];


