
DETflux = [
    1    1    1    1    1    1    1    1    1    1  3.38015E+13 0.00875 
    2    1    1    1    2    1    1    1    1    1  2.21418E+14 0.00367 
    3    1    1    1    3    1    1    1    1    1  8.69021E+14 0.00219 
    4    1    1    1    4    1    1    1    1    1  2.04829E+15 0.00160 
    5    1    1    1    5    1    1    1    1    1  2.88820E+15 0.00142 
    6    1    1    1    6    1    1    1    1    1  2.50973E+15 0.00144 
    7    1    1    1    7    1    1    1    1    1  1.33630E+15 0.00174 
    8    1    1    1    8    1    1    1    1    1  4.22672E+14 0.00299 
    9    1    1    1    9    1    1    1    1    1  8.52508E+13 0.00546 
   10    1    1    1   10    1    1    1    1    1  6.44985E+13 0.00585 
   11    1    1    1   11    1    1    1    1    1  4.38701E+14 0.00252 
   12    1    1    1   12    1    1    1    1    1  1.68445E+15 0.00147 
   13    1    1    1   13    1    1    1    1    1  3.63999E+15 0.00101 
   14    1    1    1   14    1    1    1    1    1  4.80290E+15 0.00087 
   15    1    1    1   15    1    1    1    1    1  4.30005E+15 0.00089 
   16    1    1    1   16    1    1    1    1    1  2.49703E+15 0.00123 
   17    1    1    1   17    1    1    1    1    1  8.28711E+14 0.00202 
   18    1    1    1   18    1    1    1    1    1  1.59221E+14 0.00412 
   19    1    1    1   19    1    1    1    1    1  7.88139E+13 0.00505 
   20    1    1    1   20    1    1    1    1    1  5.39044E+14 0.00229 
   21    1    1    1   21    1    1    1    1    1  1.98666E+15 0.00136 
   22    1    1    1   22    1    1    1    1    1  3.96079E+15 0.00090 
   23    1    1    1   23    1    1    1    1    1  4.98183E+15 0.00075 
   24    1    1    1   24    1    1    1    1    1  4.54608E+15 0.00079 
   25    1    1    1   25    1    1    1    1    1  2.83260E+15 0.00114 
   26    1    1    1   26    1    1    1    1    1  9.96991E+14 0.00179 
   27    1    1    1   27    1    1    1    1    1  1.92602E+14 0.00332 
   28    1    1    1   28    1    1    1    1    1  7.51627E+13 0.00501 
   29    1    1    1   29    1    1    1    1    1  5.13275E+14 0.00230 
   30    1    1    1   30    1    1    1    1    1  1.82569E+15 0.00134 
   31    1    1    1   31    1    1    1    1    1  3.44518E+15 0.00089 
   32    1    1    1   32    1    1    1    1    1  4.18251E+15 0.00072 
   33    1    1    1   33    1    1    1    1    1  3.86683E+15 0.00078 
   34    1    1    1   34    1    1    1    1    1  2.53182E+15 0.00115 
   35    1    1    1   35    1    1    1    1    1  9.32533E+14 0.00179 
   36    1    1    1   36    1    1    1    1    1  1.83997E+14 0.00351 
   37    1    1    1   37    1    1    1    1    1  6.11503E+13 0.00527 
   38    1    1    1   38    1    1    1    1    1  4.01808E+14 0.00250 
   39    1    1    1   39    1    1    1    1    1  1.40036E+15 0.00151 
   40    1    1    1   40    1    1    1    1    1  2.61167E+15 0.00103 
   41    1    1    1   41    1    1    1    1    1  3.16490E+15 0.00083 
   42    1    1    1   42    1    1    1    1    1  2.92652E+15 0.00090 
   43    1    1    1   43    1    1    1    1    1  1.92786E+15 0.00126 
   44    1    1    1   44    1    1    1    1    1  7.21699E+14 0.00192 
   45    1    1    1   45    1    1    1    1    1  1.45150E+14 0.00365 
   46    1    1    1   46    1    1    1    1    1  4.13729E+13 0.00594 
   47    1    1    1   47    1    1    1    1    1  2.62819E+14 0.00279 
   48    1    1    1   48    1    1    1    1    1  9.06379E+14 0.00166 
   49    1    1    1   49    1    1    1    1    1  1.77386E+15 0.00127 
   50    1    1    1   50    1    1    1    1    1  2.23773E+15 0.00103 
   51    1    1    1   51    1    1    1    1    1  2.03714E+15 0.00109 
   52    1    1    1   52    1    1    1    1    1  1.27481E+15 0.00148 
   53    1    1    1   53    1    1    1    1    1  4.69350E+14 0.00225 
   54    1    1    1   54    1    1    1    1    1  9.85829E+13 0.00417 
   55    1    1    1   55    1    1    1    1    1  2.54836E+13 0.00744 
   56    1    1    1   56    1    1    1    1    1  1.56421E+14 0.00338 
   57    1    1    1   57    1    1    1    1    1  5.36421E+14 0.00208 
   58    1    1    1   58    1    1    1    1    1  1.09769E+15 0.00149 
   59    1    1    1   59    1    1    1    1    1  1.43535E+15 0.00128 
   60    1    1    1   60    1    1    1    1    1  1.28720E+15 0.00133 
   61    1    1    1   61    1    1    1    1    1  7.68354E+14 0.00172 
   62    1    1    1   62    1    1    1    1    1  2.78958E+14 0.00265 
   63    1    1    1   63    1    1    1    1    1  6.10287E+13 0.00496 
   64    1    1    1   64    1    1    1    1    1  1.49240E+13 0.00876 
   65    1    1    1   65    1    1    1    1    1  8.77556E+13 0.00395 
   66    1    1    1   66    1    1    1    1    1  2.96262E+14 0.00255 
   67    1    1    1   67    1    1    1    1    1  6.17007E+14 0.00181 
   68    1    1    1   68    1    1    1    1    1  8.21615E+14 0.00156 
   69    1    1    1   69    1    1    1    1    1  7.31242E+14 0.00160 
   70    1    1    1   70    1    1    1    1    1  4.28308E+14 0.00212 
   71    1    1    1   71    1    1    1    1    1  1.55070E+14 0.00323 
   72    1    1    1   72    1    1    1    1    1  3.57817E+13 0.00621 
   73    1    1    1   73    1    1    1    1    1  8.46346E+12 0.01146 
   74    1    1    1   74    1    1    1    1    1  4.78674E+13 0.00537 
   75    1    1    1   75    1    1    1    1    1  1.58227E+14 0.00317 
   76    1    1    1   76    1    1    1    1    1  3.28763E+14 0.00229 
   77    1    1    1   77    1    1    1    1    1  4.40871E+14 0.00196 
   78    1    1    1   78    1    1    1    1    1  3.90803E+14 0.00207 
   79    1    1    1   79    1    1    1    1    1  2.27990E+14 0.00278 
   80    1    1    1   80    1    1    1    1    1  8.35292E+13 0.00411 
   81    1    1    1   81    1    1    1    1    1  2.05706E+13 0.00777 
   82    1    1    1   82    1    1    1    1    1  4.71645E+12 0.01545 
   83    1    1    1   83    1    1    1    1    1  2.53976E+13 0.00702 
   84    1    1    1   84    1    1    1    1    1  8.23122E+13 0.00417 
   85    1    1    1   85    1    1    1    1    1  1.69973E+14 0.00292 
   86    1    1    1   86    1    1    1    1    1  2.29256E+14 0.00249 
   87    1    1    1   87    1    1    1    1    1  2.01643E+14 0.00266 
   88    1    1    1   88    1    1    1    1    1  1.18282E+14 0.00344 
   89    1    1    1   89    1    1    1    1    1  4.43535E+13 0.00549 
   90    1    1    1   90    1    1    1    1    1  1.17272E+13 0.00979 
   91    1    1    1   91    1    1    1    1    1  2.56930E+12 0.02087 
   92    1    1    1   92    1    1    1    1    1  1.33252E+13 0.00959 
   93    1    1    1   93    1    1    1    1    1  4.23336E+13 0.00545 
   94    1    1    1   94    1    1    1    1    1  8.69104E+13 0.00367 
   95    1    1    1   95    1    1    1    1    1  1.16757E+14 0.00323 
   96    1    1    1   96    1    1    1    1    1  1.02998E+14 0.00343 
   97    1    1    1   97    1    1    1    1    1  6.07854E+13 0.00452 
   98    1    1    1   98    1    1    1    1    1  2.32366E+13 0.00722 
   99    1    1    1   99    1    1    1    1    1  6.76900E+12 0.01287 
  100    1    1    1  100    1    1    1    1    1  1.47813E+12 0.02574 
  101    1    1    1  101    1    1    1    1    1  7.28502E+12 0.01252 
  102    1    1    1  102    1    1    1    1    1  2.21606E+13 0.00698 
  103    1    1    1  103    1    1    1    1    1  4.43169E+13 0.00496 
  104    1    1    1  104    1    1    1    1    1  5.96718E+13 0.00439 
  105    1    1    1  105    1    1    1    1    1  5.28872E+13 0.00453 
  106    1    1    1  106    1    1    1    1    1  3.13672E+13 0.00587 
  107    1    1    1  107    1    1    1    1    1  1.25012E+13 0.00912 
  108    1    1    1  108    1    1    1    1    1  4.22036E+12 0.01520 
];


