
DETflux = [
    1    1    1    1    1    1    1    1    1    1  2.47320E+13 0.01012 
    2    1    1    1    2    1    1    1    1    1  1.63851E+14 0.00449 
    3    1    1    1    3    1    1    1    1    1  6.44947E+14 0.00239 
    4    1    1    1    4    1    1    1    1    1  1.54551E+15 0.00157 
    5    1    1    1    5    1    1    1    1    1  2.20967E+15 0.00137 
    6    1    1    1    6    1    1    1    1    1  1.90758E+15 0.00148 
    7    1    1    1    7    1    1    1    1    1  9.99499E+14 0.00193 
    8    1    1    1    8    1    1    1    1    1  3.12224E+14 0.00323 
    9    1    1    1    9    1    1    1    1    1  6.28447E+13 0.00642 
   10    1    1    1   10    1    1    1    1    1  5.18954E+13 0.00652 
   11    1    1    1   11    1    1    1    1    1  3.65722E+14 0.00268 
   12    1    1    1   12    1    1    1    1    1  1.49411E+15 0.00153 
   13    1    1    1   13    1    1    1    1    1  3.49185E+15 0.00100 
   14    1    1    1   14    1    1    1    1    1  4.80877E+15 0.00082 
   15    1    1    1   15    1    1    1    1    1  4.21955E+15 0.00084 
   16    1    1    1   16    1    1    1    1    1  2.30219E+15 0.00125 
   17    1    1    1   17    1    1    1    1    1  7.16196E+14 0.00212 
   18    1    1    1   18    1    1    1    1    1  1.31350E+14 0.00424 
   19    1    1    1   19    1    1    1    1    1  6.65852E+13 0.00537 
   20    1    1    1   20    1    1    1    1    1  4.77552E+14 0.00239 
   21    1    1    1   21    1    1    1    1    1  1.91642E+15 0.00130 
   22    1    1    1   22    1    1    1    1    1  4.22404E+15 0.00078 
   23    1    1    1   23    1    1    1    1    1  5.58420E+15 0.00064 
   24    1    1    1   24    1    1    1    1    1  5.00125E+15 0.00067 
   25    1    1    1   25    1    1    1    1    1  2.88772E+15 0.00101 
   26    1    1    1   26    1    1    1    1    1  9.36543E+14 0.00176 
   27    1    1    1   27    1    1    1    1    1  1.70125E+14 0.00353 
   28    1    1    1   28    1    1    1    1    1  6.60761E+13 0.00526 
   29    1    1    1   29    1    1    1    1    1  4.75294E+14 0.00234 
   30    1    1    1   30    1    1    1    1    1  1.84756E+15 0.00131 
   31    1    1    1   31    1    1    1    1    1  3.85306E+15 0.00081 
   32    1    1    1   32    1    1    1    1    1  4.93210E+15 0.00063 
   33    1    1    1   33    1    1    1    1    1  4.48477E+15 0.00071 
   34    1    1    1   34    1    1    1    1    1  2.72523E+15 0.00107 
   35    1    1    1   35    1    1    1    1    1  9.20244E+14 0.00183 
   36    1    1    1   36    1    1    1    1    1  1.69068E+14 0.00349 
   37    1    1    1   37    1    1    1    1    1  5.40483E+13 0.00591 
   38    1    1    1   38    1    1    1    1    1  3.80818E+14 0.00244 
   39    1    1    1   39    1    1    1    1    1  1.44177E+15 0.00143 
   40    1    1    1   40    1    1    1    1    1  2.93672E+15 0.00094 
   41    1    1    1   41    1    1    1    1    1  3.74187E+15 0.00074 
   42    1    1    1   42    1    1    1    1    1  3.41281E+15 0.00078 
   43    1    1    1   43    1    1    1    1    1  2.10293E+15 0.00120 
   44    1    1    1   44    1    1    1    1    1  7.27224E+14 0.00190 
   45    1    1    1   45    1    1    1    1    1  1.36753E+14 0.00372 
   46    1    1    1   46    1    1    1    1    1  3.70511E+13 0.00630 
   47    1    1    1   47    1    1    1    1    1  2.49596E+14 0.00283 
   48    1    1    1   48    1    1    1    1    1  9.27839E+14 0.00157 
   49    1    1    1   49    1    1    1    1    1  1.94375E+15 0.00115 
   50    1    1    1   50    1    1    1    1    1  2.55263E+15 0.00089 
   51    1    1    1   51    1    1    1    1    1  2.29579E+15 0.00096 
   52    1    1    1   52    1    1    1    1    1  1.36453E+15 0.00138 
   53    1    1    1   53    1    1    1    1    1  4.70268E+14 0.00215 
   54    1    1    1   54    1    1    1    1    1  9.31955E+13 0.00428 
   55    1    1    1   55    1    1    1    1    1  2.30808E+13 0.00789 
   56    1    1    1   56    1    1    1    1    1  1.47778E+14 0.00338 
   57    1    1    1   57    1    1    1    1    1  5.38114E+14 0.00190 
   58    1    1    1   58    1    1    1    1    1  1.16523E+15 0.00132 
   59    1    1    1   59    1    1    1    1    1  1.57227E+15 0.00107 
   60    1    1    1   60    1    1    1    1    1  1.39595E+15 0.00117 
   61    1    1    1   61    1    1    1    1    1  8.01173E+14 0.00169 
   62    1    1    1   62    1    1    1    1    1  2.75412E+14 0.00261 
   63    1    1    1   63    1    1    1    1    1  5.71515E+13 0.00502 
   64    1    1    1   64    1    1    1    1    1  1.37174E+13 0.00951 
   65    1    1    1   65    1    1    1    1    1  8.27395E+13 0.00424 
   66    1    1    1   66    1    1    1    1    1  2.92058E+14 0.00247 
   67    1    1    1   67    1    1    1    1    1  6.32188E+14 0.00165 
   68    1    1    1   68    1    1    1    1    1  8.65028E+14 0.00142 
   69    1    1    1   69    1    1    1    1    1  7.62515E+14 0.00153 
   70    1    1    1   70    1    1    1    1    1  4.34107E+14 0.00200 
   71    1    1    1   71    1    1    1    1    1  1.51608E+14 0.00319 
   72    1    1    1   72    1    1    1    1    1  3.37376E+13 0.00602 
   73    1    1    1   73    1    1    1    1    1  7.86302E+12 0.01225 
   74    1    1    1   74    1    1    1    1    1  4.48707E+13 0.00530 
   75    1    1    1   75    1    1    1    1    1  1.52353E+14 0.00300 
   76    1    1    1   76    1    1    1    1    1  3.27661E+14 0.00200 
   77    1    1    1   77    1    1    1    1    1  4.49415E+14 0.00179 
   78    1    1    1   78    1    1    1    1    1  3.95477E+14 0.00195 
   79    1    1    1   79    1    1    1    1    1  2.25025E+14 0.00261 
   80    1    1    1   80    1    1    1    1    1  8.03917E+13 0.00408 
   81    1    1    1   81    1    1    1    1    1  1.93857E+13 0.00799 
   82    1    1    1   82    1    1    1    1    1  4.36319E+12 0.01630 
   83    1    1    1   83    1    1    1    1    1  2.36278E+13 0.00730 
   84    1    1    1   84    1    1    1    1    1  7.85922E+13 0.00410 
   85    1    1    1   85    1    1    1    1    1  1.65552E+14 0.00276 
   86    1    1    1   86    1    1    1    1    1  2.27174E+14 0.00248 
   87    1    1    1   87    1    1    1    1    1  1.99093E+14 0.00257 
   88    1    1    1   88    1    1    1    1    1  1.14671E+14 0.00345 
   89    1    1    1   89    1    1    1    1    1  4.18948E+13 0.00542 
   90    1    1    1   90    1    1    1    1    1  1.08931E+13 0.01033 
   91    1    1    1   91    1    1    1    1    1  2.26444E+12 0.02075 
   92    1    1    1   92    1    1    1    1    1  1.22962E+13 0.00984 
   93    1    1    1   93    1    1    1    1    1  3.99853E+13 0.00551 
   94    1    1    1   94    1    1    1    1    1  8.32006E+13 0.00365 
   95    1    1    1   95    1    1    1    1    1  1.12987E+14 0.00329 
   96    1    1    1   96    1    1    1    1    1  9.92305E+13 0.00341 
   97    1    1    1   97    1    1    1    1    1  5.79803E+13 0.00450 
   98    1    1    1   98    1    1    1    1    1  2.14923E+13 0.00718 
   99    1    1    1   99    1    1    1    1    1  6.04939E+12 0.01299 
  100    1    1    1  100    1    1    1    1    1  1.30273E+12 0.02696 
  101    1    1    1  101    1    1    1    1    1  6.83952E+12 0.01316 
  102    1    1    1  102    1    1    1    1    1  2.07020E+13 0.00741 
  103    1    1    1  103    1    1    1    1    1  4.20074E+13 0.00504 
  104    1    1    1  104    1    1    1    1    1  5.66975E+13 0.00447 
  105    1    1    1  105    1    1    1    1    1  4.95032E+13 0.00464 
  106    1    1    1  106    1    1    1    1    1  2.93272E+13 0.00617 
  107    1    1    1  107    1    1    1    1    1  1.12621E+13 0.00969 
  108    1    1    1  108    1    1    1    1    1  3.69783E+12 0.01661 
];


