
DETflux = [
    1    1    1    1    1    1    1    1    1    1  3.46043E+13 0.00867 
    2    1    1    1    2    1    1    1    1    1  2.22897E+14 0.00378 
    3    1    1    1    3    1    1    1    1    1  8.69108E+14 0.00213 
    4    1    1    1    4    1    1    1    1    1  2.04575E+15 0.00154 
    5    1    1    1    5    1    1    1    1    1  2.89635E+15 0.00132 
    6    1    1    1    6    1    1    1    1    1  2.51426E+15 0.00137 
    7    1    1    1    7    1    1    1    1    1  1.33916E+15 0.00183 
    8    1    1    1    8    1    1    1    1    1  4.25550E+14 0.00283 
    9    1    1    1    9    1    1    1    1    1  8.63105E+13 0.00563 
   10    1    1    1   10    1    1    1    1    1  6.43980E+13 0.00579 
   11    1    1    1   11    1    1    1    1    1  4.36161E+14 0.00261 
   12    1    1    1   12    1    1    1    1    1  1.67529E+15 0.00150 
   13    1    1    1   13    1    1    1    1    1  3.62486E+15 0.00101 
   14    1    1    1   14    1    1    1    1    1  4.79720E+15 0.00082 
   15    1    1    1   15    1    1    1    1    1  4.30454E+15 0.00090 
   16    1    1    1   16    1    1    1    1    1  2.50389E+15 0.00126 
   17    1    1    1   17    1    1    1    1    1  8.31218E+14 0.00200 
   18    1    1    1   18    1    1    1    1    1  1.59305E+14 0.00370 
   19    1    1    1   19    1    1    1    1    1  7.83079E+13 0.00499 
   20    1    1    1   20    1    1    1    1    1  5.34256E+14 0.00226 
   21    1    1    1   21    1    1    1    1    1  1.97450E+15 0.00133 
   22    1    1    1   22    1    1    1    1    1  3.94753E+15 0.00088 
   23    1    1    1   23    1    1    1    1    1  4.96575E+15 0.00068 
   24    1    1    1   24    1    1    1    1    1  4.55279E+15 0.00076 
   25    1    1    1   25    1    1    1    1    1  2.84997E+15 0.00104 
   26    1    1    1   26    1    1    1    1    1  9.99475E+14 0.00159 
   27    1    1    1   27    1    1    1    1    1  1.92851E+14 0.00331 
   28    1    1    1   28    1    1    1    1    1  7.46472E+13 0.00488 
   29    1    1    1   29    1    1    1    1    1  5.08699E+14 0.00228 
   30    1    1    1   30    1    1    1    1    1  1.81894E+15 0.00123 
   31    1    1    1   31    1    1    1    1    1  3.42827E+15 0.00085 
   32    1    1    1   32    1    1    1    1    1  4.17809E+15 0.00075 
   33    1    1    1   33    1    1    1    1    1  3.87822E+15 0.00077 
   34    1    1    1   34    1    1    1    1    1  2.54606E+15 0.00106 
   35    1    1    1   35    1    1    1    1    1  9.38370E+14 0.00164 
   36    1    1    1   36    1    1    1    1    1  1.83722E+14 0.00328 
   37    1    1    1   37    1    1    1    1    1  5.96785E+13 0.00541 
   38    1    1    1   38    1    1    1    1    1  3.98665E+14 0.00231 
   39    1    1    1   39    1    1    1    1    1  1.39710E+15 0.00144 
   40    1    1    1   40    1    1    1    1    1  2.60249E+15 0.00099 
   41    1    1    1   41    1    1    1    1    1  3.16486E+15 0.00083 
   42    1    1    1   42    1    1    1    1    1  2.93872E+15 0.00089 
   43    1    1    1   43    1    1    1    1    1  1.94012E+15 0.00115 
   44    1    1    1   44    1    1    1    1    1  7.28191E+14 0.00179 
   45    1    1    1   45    1    1    1    1    1  1.46284E+14 0.00361 
   46    1    1    1   46    1    1    1    1    1  4.06578E+13 0.00623 
   47    1    1    1   47    1    1    1    1    1  2.61428E+14 0.00282 
   48    1    1    1   48    1    1    1    1    1  9.06732E+14 0.00165 
   49    1    1    1   49    1    1    1    1    1  1.77289E+15 0.00115 
   50    1    1    1   50    1    1    1    1    1  2.23717E+15 0.00099 
   51    1    1    1   51    1    1    1    1    1  2.04163E+15 0.00108 
   52    1    1    1   52    1    1    1    1    1  1.28171E+15 0.00136 
   53    1    1    1   53    1    1    1    1    1  4.72660E+14 0.00213 
   54    1    1    1   54    1    1    1    1    1  9.91109E+13 0.00402 
   55    1    1    1   55    1    1    1    1    1  2.53558E+13 0.00752 
   56    1    1    1   56    1    1    1    1    1  1.55872E+14 0.00331 
   57    1    1    1   57    1    1    1    1    1  5.36040E+14 0.00201 
   58    1    1    1   58    1    1    1    1    1  1.09530E+15 0.00139 
   59    1    1    1   59    1    1    1    1    1  1.43320E+15 0.00125 
   60    1    1    1   60    1    1    1    1    1  1.28887E+15 0.00134 
   61    1    1    1   61    1    1    1    1    1  7.73017E+14 0.00164 
   62    1    1    1   62    1    1    1    1    1  2.78997E+14 0.00257 
   63    1    1    1   63    1    1    1    1    1  6.10569E+13 0.00471 
   64    1    1    1   64    1    1    1    1    1  1.49215E+13 0.00948 
   65    1    1    1   65    1    1    1    1    1  8.74907E+13 0.00405 
   66    1    1    1   66    1    1    1    1    1  2.97116E+14 0.00238 
   67    1    1    1   67    1    1    1    1    1  6.15631E+14 0.00176 
   68    1    1    1   68    1    1    1    1    1  8.19159E+14 0.00156 
   69    1    1    1   69    1    1    1    1    1  7.31234E+14 0.00166 
   70    1    1    1   70    1    1    1    1    1  4.29804E+14 0.00213 
   71    1    1    1   71    1    1    1    1    1  1.55500E+14 0.00321 
   72    1    1    1   72    1    1    1    1    1  3.61411E+13 0.00592 
   73    1    1    1   73    1    1    1    1    1  8.42035E+12 0.01190 
   74    1    1    1   74    1    1    1    1    1  4.79402E+13 0.00526 
   75    1    1    1   75    1    1    1    1    1  1.58139E+14 0.00299 
   76    1    1    1   76    1    1    1    1    1  3.27940E+14 0.00214 
   77    1    1    1   77    1    1    1    1    1  4.39525E+14 0.00194 
   78    1    1    1   78    1    1    1    1    1  3.91180E+14 0.00198 
   79    1    1    1   79    1    1    1    1    1  2.28570E+14 0.00269 
   80    1    1    1   80    1    1    1    1    1  8.42281E+13 0.00420 
   81    1    1    1   81    1    1    1    1    1  2.07347E+13 0.00768 
   82    1    1    1   82    1    1    1    1    1  4.62116E+12 0.01612 
   83    1    1    1   83    1    1    1    1    1  2.52370E+13 0.00701 
   84    1    1    1   84    1    1    1    1    1  8.24919E+13 0.00394 
   85    1    1    1   85    1    1    1    1    1  1.69895E+14 0.00285 
   86    1    1    1   86    1    1    1    1    1  2.28555E+14 0.00255 
   87    1    1    1   87    1    1    1    1    1  2.02470E+14 0.00263 
   88    1    1    1   88    1    1    1    1    1  1.18272E+14 0.00340 
   89    1    1    1   89    1    1    1    1    1  4.44456E+13 0.00530 
   90    1    1    1   90    1    1    1    1    1  1.17944E+13 0.00987 
   91    1    1    1   91    1    1    1    1    1  2.52670E+12 0.02050 
   92    1    1    1   92    1    1    1    1    1  1.34601E+13 0.00977 
   93    1    1    1   93    1    1    1    1    1  4.23463E+13 0.00539 
   94    1    1    1   94    1    1    1    1    1  8.62708E+13 0.00358 
   95    1    1    1   95    1    1    1    1    1  1.16253E+14 0.00322 
   96    1    1    1   96    1    1    1    1    1  1.02947E+14 0.00351 
   97    1    1    1   97    1    1    1    1    1  6.07530E+13 0.00448 
   98    1    1    1   98    1    1    1    1    1  2.30661E+13 0.00698 
   99    1    1    1   99    1    1    1    1    1  6.87817E+12 0.01202 
  100    1    1    1  100    1    1    1    1    1  1.48159E+12 0.02610 
  101    1    1    1  101    1    1    1    1    1  7.23490E+12 0.01245 
  102    1    1    1  102    1    1    1    1    1  2.21769E+13 0.00695 
  103    1    1    1  103    1    1    1    1    1  4.42110E+13 0.00488 
  104    1    1    1  104    1    1    1    1    1  5.94891E+13 0.00425 
  105    1    1    1  105    1    1    1    1    1  5.30299E+13 0.00468 
  106    1    1    1  106    1    1    1    1    1  3.15508E+13 0.00598 
  107    1    1    1  107    1    1    1    1    1  1.23861E+13 0.00967 
  108    1    1    1  108    1    1    1    1    1  4.22809E+12 0.01475 
];


