
DETflux = [
    1    1    1    1    1    1    1    1    1    1  2.10490E+13 0.01074 
    2    1    1    1    2    1    1    1    1    1  1.38950E+14 0.00460 
    3    1    1    1    3    1    1    1    1    1  5.54244E+14 0.00238 
    4    1    1    1    4    1    1    1    1    1  1.33693E+15 0.00164 
    5    1    1    1    5    1    1    1    1    1  1.92684E+15 0.00143 
    6    1    1    1    6    1    1    1    1    1  1.66451E+15 0.00160 
    7    1    1    1    7    1    1    1    1    1  8.64894E+14 0.00211 
    8    1    1    1    8    1    1    1    1    1  2.67399E+14 0.00350 
    9    1    1    1    9    1    1    1    1    1  5.40740E+13 0.00688 
   10    1    1    1   10    1    1    1    1    1  4.66237E+13 0.00676 
   11    1    1    1   11    1    1    1    1    1  3.35130E+14 0.00279 
   12    1    1    1   12    1    1    1    1    1  1.40366E+15 0.00153 
   13    1    1    1   13    1    1    1    1    1  3.38015E+15 0.00100 
   14    1    1    1   14    1    1    1    1    1  4.76604E+15 0.00078 
   15    1    1    1   15    1    1    1    1    1  4.16164E+15 0.00089 
   16    1    1    1   16    1    1    1    1    1  2.19709E+15 0.00127 
   17    1    1    1   17    1    1    1    1    1  6.63448E+14 0.00217 
   18    1    1    1   18    1    1    1    1    1  1.18730E+14 0.00433 
   19    1    1    1   19    1    1    1    1    1  6.21848E+13 0.00533 
   20    1    1    1   20    1    1    1    1    1  4.57723E+14 0.00239 
   21    1    1    1   21    1    1    1    1    1  1.89518E+15 0.00131 
   22    1    1    1   22    1    1    1    1    1  4.35735E+15 0.00083 
   23    1    1    1   23    1    1    1    1    1  5.91124E+15 0.00062 
   24    1    1    1   24    1    1    1    1    1  5.22330E+15 0.00073 
   25    1    1    1   25    1    1    1    1    1  2.89829E+15 0.00110 
   26    1    1    1   26    1    1    1    1    1  8.95685E+14 0.00184 
   27    1    1    1   27    1    1    1    1    1  1.58331E+14 0.00380 
   28    1    1    1   28    1    1    1    1    1  6.31965E+13 0.00536 
   29    1    1    1   29    1    1    1    1    1  4.65855E+14 0.00229 
   30    1    1    1   30    1    1    1    1    1  1.88649E+15 0.00130 
   31    1    1    1   31    1    1    1    1    1  4.11081E+15 0.00081 
   32    1    1    1   32    1    1    1    1    1  5.38984E+15 0.00061 
   33    1    1    1   33    1    1    1    1    1  4.82326E+15 0.00066 
   34    1    1    1   34    1    1    1    1    1  2.80532E+15 0.00109 
   35    1    1    1   35    1    1    1    1    1  9.03491E+14 0.00178 
   36    1    1    1   36    1    1    1    1    1  1.60105E+14 0.00363 
   37    1    1    1   37    1    1    1    1    1  5.26213E+13 0.00573 
   38    1    1    1   38    1    1    1    1    1  3.78581E+14 0.00259 
   39    1    1    1   39    1    1    1    1    1  1.48616E+15 0.00144 
   40    1    1    1   40    1    1    1    1    1  3.15264E+15 0.00092 
   41    1    1    1   41    1    1    1    1    1  4.09826E+15 0.00069 
   42    1    1    1   42    1    1    1    1    1  3.68150E+15 0.00072 
   43    1    1    1   43    1    1    1    1    1  2.18409E+15 0.00116 
   44    1    1    1   44    1    1    1    1    1  7.23538E+14 0.00186 
   45    1    1    1   45    1    1    1    1    1  1.32018E+14 0.00394 
   46    1    1    1   46    1    1    1    1    1  3.65207E+13 0.00671 
   47    1    1    1   47    1    1    1    1    1  2.49179E+14 0.00292 
   48    1    1    1   48    1    1    1    1    1  9.45793E+14 0.00160 
   49    1    1    1   49    1    1    1    1    1  2.04998E+15 0.00107 
   50    1    1    1   50    1    1    1    1    1  2.73516E+15 0.00084 
   51    1    1    1   51    1    1    1    1    1  2.43350E+15 0.00093 
   52    1    1    1   52    1    1    1    1    1  1.39874E+15 0.00133 
   53    1    1    1   53    1    1    1    1    1  4.67768E+14 0.00216 
   54    1    1    1   54    1    1    1    1    1  9.01374E+13 0.00458 
   55    1    1    1   55    1    1    1    1    1  2.27860E+13 0.00799 
   56    1    1    1   56    1    1    1    1    1  1.47261E+14 0.00342 
   57    1    1    1   57    1    1    1    1    1  5.42235E+14 0.00190 
   58    1    1    1   58    1    1    1    1    1  1.20273E+15 0.00134 
   59    1    1    1   59    1    1    1    1    1  1.64049E+15 0.00107 
   60    1    1    1   60    1    1    1    1    1  1.44377E+15 0.00118 
   61    1    1    1   61    1    1    1    1    1  8.10209E+14 0.00159 
   62    1    1    1   62    1    1    1    1    1  2.71263E+14 0.00269 
   63    1    1    1   63    1    1    1    1    1  5.53347E+13 0.00520 
   64    1    1    1   64    1    1    1    1    1  1.31093E+13 0.01033 
   65    1    1    1   65    1    1    1    1    1  8.15527E+13 0.00416 
   66    1    1    1   66    1    1    1    1    1  2.89926E+14 0.00242 
   67    1    1    1   67    1    1    1    1    1  6.39841E+14 0.00169 
   68    1    1    1   68    1    1    1    1    1  8.80554E+14 0.00140 
   69    1    1    1   69    1    1    1    1    1  7.73482E+14 0.00159 
   70    1    1    1   70    1    1    1    1    1  4.31930E+14 0.00210 
   71    1    1    1   71    1    1    1    1    1  1.47334E+14 0.00329 
   72    1    1    1   72    1    1    1    1    1  3.21882E+13 0.00670 
   73    1    1    1   73    1    1    1    1    1  7.49668E+12 0.01284 
   74    1    1    1   74    1    1    1    1    1  4.35904E+13 0.00543 
   75    1    1    1   75    1    1    1    1    1  1.49036E+14 0.00330 
   76    1    1    1   76    1    1    1    1    1  3.26479E+14 0.00216 
   77    1    1    1   77    1    1    1    1    1  4.48323E+14 0.00178 
   78    1    1    1   78    1    1    1    1    1  3.92882E+14 0.00197 
   79    1    1    1   79    1    1    1    1    1  2.21103E+14 0.00250 
   80    1    1    1   80    1    1    1    1    1  7.75187E+13 0.00425 
   81    1    1    1   81    1    1    1    1    1  1.82647E+13 0.00832 
   82    1    1    1   82    1    1    1    1    1  4.11558E+12 0.01605 
   83    1    1    1   83    1    1    1    1    1  2.29375E+13 0.00720 
   84    1    1    1   84    1    1    1    1    1  7.61627E+13 0.00434 
   85    1    1    1   85    1    1    1    1    1  1.62665E+14 0.00282 
   86    1    1    1   86    1    1    1    1    1  2.22169E+14 0.00257 
   87    1    1    1   87    1    1    1    1    1  1.96107E+14 0.00263 
   88    1    1    1   88    1    1    1    1    1  1.11524E+14 0.00358 
   89    1    1    1   89    1    1    1    1    1  3.97278E+13 0.00565 
   90    1    1    1   90    1    1    1    1    1  1.03132E+13 0.01021 
   91    1    1    1   91    1    1    1    1    1  2.28118E+12 0.02107 
   92    1    1    1   92    1    1    1    1    1  1.16856E+13 0.00965 
   93    1    1    1   93    1    1    1    1    1  3.84487E+13 0.00554 
   94    1    1    1   94    1    1    1    1    1  8.02906E+13 0.00384 
   95    1    1    1   95    1    1    1    1    1  1.08999E+14 0.00345 
   96    1    1    1   96    1    1    1    1    1  9.68781E+13 0.00335 
   97    1    1    1   97    1    1    1    1    1  5.59859E+13 0.00477 
   98    1    1    1   98    1    1    1    1    1  2.04234E+13 0.00749 
   99    1    1    1   99    1    1    1    1    1  5.88012E+12 0.01356 
  100    1    1    1  100    1    1    1    1    1  1.33602E+12 0.02724 
  101    1    1    1  101    1    1    1    1    1  6.33457E+12 0.01280 
  102    1    1    1  102    1    1    1    1    1  1.95819E+13 0.00733 
  103    1    1    1  103    1    1    1    1    1  4.04298E+13 0.00526 
  104    1    1    1  104    1    1    1    1    1  5.40522E+13 0.00466 
  105    1    1    1  105    1    1    1    1    1  4.77999E+13 0.00480 
  106    1    1    1  106    1    1    1    1    1  2.83503E+13 0.00646 
  107    1    1    1  107    1    1    1    1    1  1.07271E+13 0.00998 
  108    1    1    1  108    1    1    1    1    1  3.60161E+12 0.01709 
];


