
DETflux = [
    1    1    1    1    1    1    1    1    1    1  2.87353E+13 0.00912 
    2    1    1    1    2    1    1    1    1    1  1.89462E+14 0.00403 
    3    1    1    1    3    1    1    1    1    1  7.47133E+14 0.00219 
    4    1    1    1    4    1    1    1    1    1  1.77168E+15 0.00158 
    5    1    1    1    5    1    1    1    1    1  2.51657E+15 0.00134 
    6    1    1    1    6    1    1    1    1    1  2.18650E+15 0.00147 
    7    1    1    1    7    1    1    1    1    1  1.16040E+15 0.00193 
    8    1    1    1    8    1    1    1    1    1  3.66718E+14 0.00307 
    9    1    1    1    9    1    1    1    1    1  7.44735E+13 0.00645 
   10    1    1    1   10    1    1    1    1    1  5.73570E+13 0.00616 
   11    1    1    1   11    1    1    1    1    1  4.01264E+14 0.00268 
   12    1    1    1   12    1    1    1    1    1  1.58458E+15 0.00143 
   13    1    1    1   13    1    1    1    1    1  3.55823E+15 0.00101 
   14    1    1    1   14    1    1    1    1    1  4.79969E+15 0.00082 
   15    1    1    1   15    1    1    1    1    1  4.27044E+15 0.00093 
   16    1    1    1   16    1    1    1    1    1  2.40543E+15 0.00131 
   17    1    1    1   17    1    1    1    1    1  7.73296E+14 0.00209 
   18    1    1    1   18    1    1    1    1    1  1.45391E+14 0.00389 
   19    1    1    1   19    1    1    1    1    1  7.23620E+13 0.00525 
   20    1    1    1   20    1    1    1    1    1  5.08229E+14 0.00221 
   21    1    1    1   21    1    1    1    1    1  1.95188E+15 0.00132 
   22    1    1    1   22    1    1    1    1    1  4.08863E+15 0.00088 
   23    1    1    1   23    1    1    1    1    1  5.26828E+15 0.00066 
   24    1    1    1   24    1    1    1    1    1  4.77492E+15 0.00077 
   25    1    1    1   25    1    1    1    1    1  2.87378E+15 0.00111 
   26    1    1    1   26    1    1    1    1    1  9.65415E+14 0.00180 
   27    1    1    1   27    1    1    1    1    1  1.81271E+14 0.00356 
   28    1    1    1   28    1    1    1    1    1  7.08298E+13 0.00518 
   29    1    1    1   29    1    1    1    1    1  4.95601E+14 0.00222 
   30    1    1    1   30    1    1    1    1    1  1.83988E+15 0.00124 
   31    1    1    1   31    1    1    1    1    1  3.63750E+15 0.00087 
   32    1    1    1   32    1    1    1    1    1  4.53398E+15 0.00068 
   33    1    1    1   33    1    1    1    1    1  4.16332E+15 0.00073 
   34    1    1    1   34    1    1    1    1    1  2.63547E+15 0.00110 
   35    1    1    1   35    1    1    1    1    1  9.27307E+14 0.00178 
   36    1    1    1   36    1    1    1    1    1  1.76465E+14 0.00349 
   37    1    1    1   37    1    1    1    1    1  5.73664E+13 0.00531 
   38    1    1    1   38    1    1    1    1    1  3.91739E+14 0.00236 
   39    1    1    1   39    1    1    1    1    1  1.42834E+15 0.00135 
   40    1    1    1   40    1    1    1    1    1  2.76446E+15 0.00096 
   41    1    1    1   41    1    1    1    1    1  3.43215E+15 0.00078 
   42    1    1    1   42    1    1    1    1    1  3.15642E+15 0.00082 
   43    1    1    1   43    1    1    1    1    1  2.02347E+15 0.00122 
   44    1    1    1   44    1    1    1    1    1  7.29890E+14 0.00187 
   45    1    1    1   45    1    1    1    1    1  1.42965E+14 0.00363 
   46    1    1    1   46    1    1    1    1    1  3.86747E+13 0.00630 
   47    1    1    1   47    1    1    1    1    1  2.56896E+14 0.00265 
   48    1    1    1   48    1    1    1    1    1  9.21502E+14 0.00152 
   49    1    1    1   49    1    1    1    1    1  1.85555E+15 0.00113 
   50    1    1    1   50    1    1    1    1    1  2.38895E+15 0.00093 
   51    1    1    1   51    1    1    1    1    1  2.16852E+15 0.00096 
   52    1    1    1   52    1    1    1    1    1  1.32617E+15 0.00136 
   53    1    1    1   53    1    1    1    1    1  4.74729E+14 0.00219 
   54    1    1    1   54    1    1    1    1    1  9.76180E+13 0.00426 
   55    1    1    1   55    1    1    1    1    1  2.44819E+13 0.00730 
   56    1    1    1   56    1    1    1    1    1  1.53107E+14 0.00333 
   57    1    1    1   57    1    1    1    1    1  5.41398E+14 0.00188 
   58    1    1    1   58    1    1    1    1    1  1.13106E+15 0.00133 
   59    1    1    1   59    1    1    1    1    1  1.50093E+15 0.00118 
   60    1    1    1   60    1    1    1    1    1  1.34449E+15 0.00123 
   61    1    1    1   61    1    1    1    1    1  7.90345E+14 0.00163 
   62    1    1    1   62    1    1    1    1    1  2.79444E+14 0.00266 
   63    1    1    1   63    1    1    1    1    1  5.98888E+13 0.00514 
   64    1    1    1   64    1    1    1    1    1  1.43129E+13 0.00975 
   65    1    1    1   65    1    1    1    1    1  8.54154E+13 0.00408 
   66    1    1    1   66    1    1    1    1    1  2.96389E+14 0.00235 
   67    1    1    1   67    1    1    1    1    1  6.26609E+14 0.00165 
   68    1    1    1   68    1    1    1    1    1  8.42328E+14 0.00148 
   69    1    1    1   69    1    1    1    1    1  7.49035E+14 0.00153 
   70    1    1    1   70    1    1    1    1    1  4.34389E+14 0.00205 
   71    1    1    1   71    1    1    1    1    1  1.53616E+14 0.00330 
   72    1    1    1   72    1    1    1    1    1  3.52321E+13 0.00637 
   73    1    1    1   73    1    1    1    1    1  8.13417E+12 0.01234 
   74    1    1    1   74    1    1    1    1    1  4.63352E+13 0.00557 
   75    1    1    1   75    1    1    1    1    1  1.56138E+14 0.00301 
   76    1    1    1   76    1    1    1    1    1  3.30441E+14 0.00222 
   77    1    1    1   77    1    1    1    1    1  4.45282E+14 0.00190 
   78    1    1    1   78    1    1    1    1    1  3.94956E+14 0.00200 
   79    1    1    1   79    1    1    1    1    1  2.28554E+14 0.00269 
   80    1    1    1   80    1    1    1    1    1  8.18755E+13 0.00417 
   81    1    1    1   81    1    1    1    1    1  1.99548E+13 0.00791 
   82    1    1    1   82    1    1    1    1    1  4.47025E+12 0.01570 
   83    1    1    1   83    1    1    1    1    1  2.45539E+13 0.00725 
   84    1    1    1   84    1    1    1    1    1  8.06454E+13 0.00391 
   85    1    1    1   85    1    1    1    1    1  1.68592E+14 0.00298 
   86    1    1    1   86    1    1    1    1    1  2.28855E+14 0.00253 
   87    1    1    1   87    1    1    1    1    1  2.02599E+14 0.00264 
   88    1    1    1   88    1    1    1    1    1  1.17062E+14 0.00339 
   89    1    1    1   89    1    1    1    1    1  4.30433E+13 0.00562 
   90    1    1    1   90    1    1    1    1    1  1.13505E+13 0.00981 
   91    1    1    1   91    1    1    1    1    1  2.53819E+12 0.02086 
   92    1    1    1   92    1    1    1    1    1  1.29186E+13 0.01008 
   93    1    1    1   93    1    1    1    1    1  4.14240E+13 0.00545 
   94    1    1    1   94    1    1    1    1    1  8.50565E+13 0.00391 
   95    1    1    1   95    1    1    1    1    1  1.14681E+14 0.00340 
   96    1    1    1   96    1    1    1    1    1  1.01973E+14 0.00361 
   97    1    1    1   97    1    1    1    1    1  5.93671E+13 0.00431 
   98    1    1    1   98    1    1    1    1    1  2.23585E+13 0.00747 
   99    1    1    1   99    1    1    1    1    1  6.55260E+12 0.01280 
  100    1    1    1  100    1    1    1    1    1  1.50720E+12 0.02603 
  101    1    1    1  101    1    1    1    1    1  7.08241E+12 0.01241 
  102    1    1    1  102    1    1    1    1    1  2.15849E+13 0.00746 
  103    1    1    1  103    1    1    1    1    1  4.34840E+13 0.00521 
  104    1    1    1  104    1    1    1    1    1  5.85417E+13 0.00450 
  105    1    1    1  105    1    1    1    1    1  5.17448E+13 0.00491 
  106    1    1    1  106    1    1    1    1    1  3.07921E+13 0.00608 
  107    1    1    1  107    1    1    1    1    1  1.20333E+13 0.00981 
  108    1    1    1  108    1    1    1    1    1  3.87575E+12 0.01656 
];


