
DETflux = [
    1    1    1    1    1    1    1    1    1    1  2.08589E+13 0.01072 
    2    1    1    1    2    1    1    1    1    1  1.38292E+14 0.00466 
    3    1    1    1    3    1    1    1    1    1  5.52939E+14 0.00257 
    4    1    1    1    4    1    1    1    1    1  1.33431E+15 0.00169 
    5    1    1    1    5    1    1    1    1    1  1.91816E+15 0.00152 
    6    1    1    1    6    1    1    1    1    1  1.65759E+15 0.00156 
    7    1    1    1    7    1    1    1    1    1  8.62878E+14 0.00205 
    8    1    1    1    8    1    1    1    1    1  2.67852E+14 0.00335 
    9    1    1    1    9    1    1    1    1    1  5.38533E+13 0.00712 
   10    1    1    1   10    1    1    1    1    1  4.66792E+13 0.00672 
   11    1    1    1   11    1    1    1    1    1  3.33939E+14 0.00291 
   12    1    1    1   12    1    1    1    1    1  1.40033E+15 0.00159 
   13    1    1    1   13    1    1    1    1    1  3.37630E+15 0.00099 
   14    1    1    1   14    1    1    1    1    1  4.76474E+15 0.00080 
   15    1    1    1   15    1    1    1    1    1  4.15183E+15 0.00089 
   16    1    1    1   16    1    1    1    1    1  2.19101E+15 0.00131 
   17    1    1    1   17    1    1    1    1    1  6.59207E+14 0.00220 
   18    1    1    1   18    1    1    1    1    1  1.18837E+14 0.00445 
   19    1    1    1   19    1    1    1    1    1  6.22928E+13 0.00550 
   20    1    1    1   20    1    1    1    1    1  4.55649E+14 0.00235 
   21    1    1    1   21    1    1    1    1    1  1.89326E+15 0.00137 
   22    1    1    1   22    1    1    1    1    1  4.35025E+15 0.00082 
   23    1    1    1   23    1    1    1    1    1  5.91145E+15 0.00064 
   24    1    1    1   24    1    1    1    1    1  5.22216E+15 0.00070 
   25    1    1    1   25    1    1    1    1    1  2.88819E+15 0.00107 
   26    1    1    1   26    1    1    1    1    1  8.91942E+14 0.00182 
   27    1    1    1   27    1    1    1    1    1  1.57551E+14 0.00385 
   28    1    1    1   28    1    1    1    1    1  6.32080E+13 0.00543 
   29    1    1    1   29    1    1    1    1    1  4.65349E+14 0.00236 
   30    1    1    1   30    1    1    1    1    1  1.88668E+15 0.00132 
   31    1    1    1   31    1    1    1    1    1  4.10899E+15 0.00083 
   32    1    1    1   32    1    1    1    1    1  5.39112E+15 0.00063 
   33    1    1    1   33    1    1    1    1    1  4.82957E+15 0.00066 
   34    1    1    1   34    1    1    1    1    1  2.80132E+15 0.00099 
   35    1    1    1   35    1    1    1    1    1  9.00821E+14 0.00180 
   36    1    1    1   36    1    1    1    1    1  1.60686E+14 0.00344 
   37    1    1    1   37    1    1    1    1    1  5.20537E+13 0.00559 
   38    1    1    1   38    1    1    1    1    1  3.77779E+14 0.00255 
   39    1    1    1   39    1    1    1    1    1  1.49012E+15 0.00141 
   40    1    1    1   40    1    1    1    1    1  3.15726E+15 0.00089 
   41    1    1    1   41    1    1    1    1    1  4.10647E+15 0.00069 
   42    1    1    1   42    1    1    1    1    1  3.68429E+15 0.00081 
   43    1    1    1   43    1    1    1    1    1  2.18223E+15 0.00112 
   44    1    1    1   44    1    1    1    1    1  7.21075E+14 0.00184 
   45    1    1    1   45    1    1    1    1    1  1.31537E+14 0.00374 
   46    1    1    1   46    1    1    1    1    1  3.59323E+13 0.00658 
   47    1    1    1   47    1    1    1    1    1  2.48196E+14 0.00290 
   48    1    1    1   48    1    1    1    1    1  9.48015E+14 0.00159 
   49    1    1    1   49    1    1    1    1    1  2.05477E+15 0.00104 
   50    1    1    1   50    1    1    1    1    1  2.74698E+15 0.00083 
   51    1    1    1   51    1    1    1    1    1  2.43463E+15 0.00098 
   52    1    1    1   52    1    1    1    1    1  1.39814E+15 0.00130 
   53    1    1    1   53    1    1    1    1    1  4.65757E+14 0.00216 
   54    1    1    1   54    1    1    1    1    1  8.93190E+13 0.00429 
   55    1    1    1   55    1    1    1    1    1  2.27409E+13 0.00783 
   56    1    1    1   56    1    1    1    1    1  1.46258E+14 0.00331 
   57    1    1    1   57    1    1    1    1    1  5.46387E+14 0.00192 
   58    1    1    1   58    1    1    1    1    1  1.20716E+15 0.00129 
   59    1    1    1   59    1    1    1    1    1  1.64688E+15 0.00105 
   60    1    1    1   60    1    1    1    1    1  1.44503E+15 0.00120 
   61    1    1    1   61    1    1    1    1    1  8.10492E+14 0.00163 
   62    1    1    1   62    1    1    1    1    1  2.71692E+14 0.00261 
   63    1    1    1   63    1    1    1    1    1  5.51125E+13 0.00505 
   64    1    1    1   64    1    1    1    1    1  1.32289E+13 0.00987 
   65    1    1    1   65    1    1    1    1    1  8.12307E+13 0.00414 
   66    1    1    1   66    1    1    1    1    1  2.93124E+14 0.00246 
   67    1    1    1   67    1    1    1    1    1  6.45197E+14 0.00161 
   68    1    1    1   68    1    1    1    1    1  8.84291E+14 0.00136 
   69    1    1    1   69    1    1    1    1    1  7.73194E+14 0.00153 
   70    1    1    1   70    1    1    1    1    1  4.32279E+14 0.00198 
   71    1    1    1   71    1    1    1    1    1  1.47826E+14 0.00320 
   72    1    1    1   72    1    1    1    1    1  3.21471E+13 0.00632 
   73    1    1    1   73    1    1    1    1    1  7.46754E+12 0.01250 
   74    1    1    1   74    1    1    1    1    1  4.37621E+13 0.00565 
   75    1    1    1   75    1    1    1    1    1  1.51640E+14 0.00309 
   76    1    1    1   76    1    1    1    1    1  3.28088E+14 0.00207 
   77    1    1    1   77    1    1    1    1    1  4.51261E+14 0.00182 
   78    1    1    1   78    1    1    1    1    1  3.94315E+14 0.00192 
   79    1    1    1   79    1    1    1    1    1  2.20892E+14 0.00253 
   80    1    1    1   80    1    1    1    1    1  7.75788E+13 0.00417 
   81    1    1    1   81    1    1    1    1    1  1.80796E+13 0.00788 
   82    1    1    1   82    1    1    1    1    1  4.14694E+12 0.01635 
   83    1    1    1   83    1    1    1    1    1  2.30849E+13 0.00737 
   84    1    1    1   84    1    1    1    1    1  7.67161E+13 0.00414 
   85    1    1    1   85    1    1    1    1    1  1.63340E+14 0.00284 
   86    1    1    1   86    1    1    1    1    1  2.24673E+14 0.00246 
   87    1    1    1   87    1    1    1    1    1  1.95548E+14 0.00264 
   88    1    1    1   88    1    1    1    1    1  1.11091E+14 0.00334 
   89    1    1    1   89    1    1    1    1    1  3.99825E+13 0.00544 
   90    1    1    1   90    1    1    1    1    1  1.02195E+13 0.01044 
   91    1    1    1   91    1    1    1    1    1  2.25012E+12 0.02184 
   92    1    1    1   92    1    1    1    1    1  1.19308E+13 0.00961 
   93    1    1    1   93    1    1    1    1    1  3.86404E+13 0.00561 
   94    1    1    1   94    1    1    1    1    1  8.08337E+13 0.00395 
   95    1    1    1   95    1    1    1    1    1  1.09753E+14 0.00326 
   96    1    1    1   96    1    1    1    1    1  9.64636E+13 0.00357 
   97    1    1    1   97    1    1    1    1    1  5.56312E+13 0.00449 
   98    1    1    1   98    1    1    1    1    1  2.05421E+13 0.00742 
   99    1    1    1   99    1    1    1    1    1  5.79140E+12 0.01395 
  100    1    1    1  100    1    1    1    1    1  1.31729E+12 0.02910 
  101    1    1    1  101    1    1    1    1    1  6.45665E+12 0.01336 
  102    1    1    1  102    1    1    1    1    1  1.98305E+13 0.00765 
  103    1    1    1  103    1    1    1    1    1  4.04011E+13 0.00529 
  104    1    1    1  104    1    1    1    1    1  5.45328E+13 0.00458 
  105    1    1    1  105    1    1    1    1    1  4.83381E+13 0.00481 
  106    1    1    1  106    1    1    1    1    1  2.82004E+13 0.00647 
  107    1    1    1  107    1    1    1    1    1  1.07554E+13 0.01007 
  108    1    1    1  108    1    1    1    1    1  3.56108E+12 0.01733 
];


