z = [
-1.5,
-1.494,
-1.488,
-1.482,
-1.476,
-1.47,
-1.464,
-1.458,
-1.452,
-1.446,
-1.44,
-1.434,
-1.428,
-1.422,
-1.416,
-1.41,
-1.404,
-1.398,
-1.392,
-1.386,
-1.38,
-1.374,
-1.368,
-1.362,
-1.356,
-1.35,
-1.344,
-1.338,
-1.332,
-1.326,
-1.32,
-1.314,
-1.308,
-1.302,
-1.296,
-1.29,
-1.284,
-1.278,
-1.272,
-1.266,
-1.26,
-1.254,
-1.248,
-1.242,
-1.236,
-1.23,
-1.224,
-1.218,
-1.212,
-1.206,
-1.2,
-1.194,
-1.188,
-1.182,
-1.176,
-1.17,
-1.164,
-1.158,
-1.152,
-1.146,
-1.14,
-1.134,
-1.128,
-1.122,
-1.116,
-1.11,
-1.104,
-1.098,
-1.092,
-1.086,
-1.08,
-1.074,
-1.068,
-1.062,
-1.056,
-1.05,
-1.044,
-1.038,
-1.032,
-1.026,
-1.02,
-1.014,
-1.008,
-1.002,
-0.996,
-0.99,
-0.984,
-0.978,
-0.972,
-0.966,
-0.96,
-0.954,
-0.948,
-0.942,
-0.936,
-0.93,
-0.924,
-0.918,
-0.912,
-0.906,
-0.9,
-0.894,
-0.888,
-0.882,
-0.876,
-0.87,
-0.864,
-0.858,
-0.852,
-0.846,
-0.84,
-0.834,
-0.828,
-0.822,
-0.816,
-0.81,
-0.804,
-0.798,
-0.792,
-0.786,
-0.78,
-0.774,
-0.768,
-0.762,
-0.756,
-0.75,
-0.744,
-0.738,
-0.732,
-0.726,
-0.72,
-0.714,
-0.708,
-0.702,
-0.696,
-0.69,
-0.684,
-0.678,
-0.672,
-0.666,
-0.66,
-0.654,
-0.648,
-0.642,
-0.636,
-0.63,
-0.624,
-0.618,
-0.612,
-0.606,
-0.6,
-0.594,
-0.588,
-0.582,
-0.576,
-0.57,
-0.564,
-0.558,
-0.552,
-0.546,
-0.54,
-0.534,
-0.528,
-0.522,
-0.516,
-0.51,
-0.504,
-0.498,
-0.492,
-0.486,
-0.48,
-0.474,
-0.468,
-0.462,
-0.456,
-0.45,
-0.444,
-0.438,
-0.432,
-0.426,
-0.42,
-0.414,
-0.408,
-0.402,
-0.396,
-0.39,
-0.384,
-0.378,
-0.372,
-0.366,
-0.36,
-0.354,
-0.348,
-0.342,
-0.336,
-0.33,
-0.324,
-0.318,
-0.312,
-0.306,
-0.3,
-0.294,
-0.288,
-0.282,
-0.276,
-0.27,
-0.264,
-0.258,
-0.252,
-0.246,
-0.24,
-0.234,
-0.228,
-0.222,
-0.216,
-0.21,
-0.204,
-0.198,
-0.192,
-0.186,
-0.18,
-0.174,
-0.168,
-0.162,
-0.156,
-0.15,
-0.144,
-0.138,
-0.132,
-0.126,
-0.12,
-0.114,
-0.108,
-0.102,
-0.096,
-0.09,
-0.084,
-0.078,
-0.072,
-0.066,
-0.06,
-0.054,
-0.048,
-0.042,
-0.036,
-0.03,
-0.024,
-0.018,
-0.012,
-0.006,
0.0,
0.006,
0.012,
0.018,
0.024,
0.03,
0.036,
0.042,
0.048,
0.054,
0.06,
0.066,
0.072,
0.078,
0.084,
0.09,
0.096,
0.102,
0.108,
0.114,
0.12,
0.126,
0.132,
0.138,
0.144,
0.15,
0.156,
0.162,
0.168,
0.174,
0.18,
0.186,
0.192,
0.198,
0.204,
0.21,
0.216,
0.222,
0.228,
0.234,
0.24,
0.246,
0.252,
0.258,
0.264,
0.27,
0.276,
0.282,
0.288,
0.294,
0.3,
0.306,
0.312,
0.318,
0.324,
0.33,
0.336,
0.342,
0.348,
0.354,
0.36,
0.366,
0.372,
0.378,
0.384,
0.39,
0.396,
0.402,
0.408,
0.414,
0.42,
0.426,
0.432,
0.438,
0.444,
0.45,
0.456,
0.462,
0.468,
0.474,
0.48,
0.486,
0.492,
0.498,
0.504,
0.51,
0.516,
0.522,
0.528,
0.534,
0.54,
0.546,
0.552,
0.558,
0.564,
0.57,
0.576,
0.582,
0.588,
0.594,
0.6,
0.606,
0.612,
0.618,
0.624,
0.63,
0.636,
0.642,
0.648,
0.654,
0.66,
0.666,
0.672,
0.678,
0.684,
0.69,
0.696,
0.702,
0.708,
0.714,
0.72,
0.726,
0.732,
0.738,
0.744,
0.75,
0.756,
0.762,
0.768,
0.774,
0.78,
0.786,
0.792,
0.798,
0.804,
0.81,
0.816,
0.822,
0.828,
0.834,
0.84,
0.846,
0.852,
0.858,
0.864,
0.87,
0.876,
0.882,
0.888,
0.894,
0.9,
0.906,
0.912,
0.918,
0.924,
0.93,
0.936,
0.942,
0.948,
0.954,
0.96,
0.966,
0.972,
0.978,
0.984,
0.99,
0.996,
1.002,
1.008,
1.014,
1.02,
1.026,
1.032,
1.038,
1.044,
1.05,
1.056,
1.062,
1.068,
1.074,
1.08,
1.086,
1.092,
1.098,
1.104,
1.11,
1.116,
1.122,
1.128,
1.134,
1.14,
1.146,
1.152,
1.158,
1.164,
1.17,
1.176,
1.182,
1.188,
1.194,
1.2,
1.206,
1.212,
1.218,
1.224,
1.23,
1.236,
1.242,
1.248,
1.254,
1.26,
1.266,
1.272,
1.278,
1.284,
1.29,
1.296,
1.302,
1.308,
1.314,
1.32,
1.326,
1.332,
1.338,
1.344,
1.35,
1.356,
1.362,
1.368,
1.374,
1.38,
1.386,
1.392,
1.398,
1.404,
1.41,
1.416,
1.422,
1.428,
1.434,
1.44,
1.446,
1.452,
1.458,
1.464,
1.47,
1.476,
1.482,
1.488,
1.494,
1.5,];
cot = [
356.14123550565364,
356.2744234096451,
356.4108129541428,
356.5503998096051,
356.69317953103655,
356.8391475580805,
356.98829921511333,
357.1406297113449,
357.29613414092194,
357.4548074830366,
357.6166446020387,
357.7816402475521,
357.94978905459607,
358.12108554370957,
358.29552412108194,
358.4730990786852,
358.6538045944129,
358.8376347322218,
359.0245834422783,
359.2146445611095,
359.4078118117576,
359.6040788039396,
359.80343903421056,
360.00588588613095,
360.21141263043967,
360.4200124252292,
360.6316783161269,
360.84640323647955,
361.0641800075422,
361.2850013386718,
361.50885982752504,
361.7357479602597,
361.96565811174094,
362.19858254575183,
362.43451341520824,
362.6734427623769,
362.91536251909974,
363.16026450702066,
363.4081404378171,
363.6589819134364,
363.91278042633564,
364.16952735972677,
364.4292139878246,
364.69183147609976,
364.9573708815366,
365.2258231528939,
365.4971791309712,
365.7714295488778,
366.0485650323077,
366.32857609981806,
366.61145316311104,
366.8971865273212,
367.1857663913062,
367.47718284794246,
367.7714258844243,
368.06848538256736,
368.3683511191174,
368.6710127660608,
368.97645989094246,
369.28468195718506,
369.5956683244142,
369.9094082487867,
370.2258908833239,
370.54510527824937,
370.8670403813285,
371.1916850382154,
371.51902799280197,
371.8490578875711,
372.18176326395553,
372.5171325626984,
372.8551541242208,
373.19581618899065,
373.53910689789757,
373.88501429263135,
374.2335263160637,
374.58463081263585,
374.9383155287477,
375.294568113154,
375.653376117362,
376.01472699603426,
376.37860810739585,
376.745006713645,
377.113909981368,
377.48530498195737,
377.8591786920358,
378.2355179938819,
378.6143096758618,
378.9955404328633,
379.37919686673536,
379.7652654867296,
380.15373270994814,
380.5445848617933,
380.9378081764228,
381.3333887972069,
381.73131277719256,
382.1315660795673,
382.5341345781312,
382.9390040577698,
383.34616021493173,
383.7555886581107,
384.167274908331,
384.581204399636,
384.99736247958174,
385.41573440973366,
385.8363053661668,
386.2590604399709,
386.68398463775736,
387.11106288217195,
387.54028001241,
387.9716207847355,
388.40506987300444,
388.84061186919087,
389.2782312839174,
389.7179125469896,
390.1596400079327,
390.60339793653316,
391.0491705233836,
391.4969418804311,
391.94669604152875,
392.39841696299163,
392.85208852415565,
393.30769452794016,
393.7652187014139,
394.2246446963645,
394.6859560898722,
395.1491363848853,
395.614169010801,
396.081037324048,
396.54972460867407,
397.0202140769359,
397.4924888698923,
397.9665320580017,
398.44232664172193,
398.919855552114,
399.39910165144875,
399.8800477338176,
400.3626765257451,
400.84697068680623,
401.33291281024606,
401.8204854236028,
402.3096709893339,
402.8004519054459,
403.292810506127,
403.7867290623823,
404.28218978267273,
404.7791748135577,
405.27766624033893,
405.7776460877094,
406.2790963204036,
406.78199884385253,
407.2863355048398,
407.79208809216186,
408.2992383372915,
408.80776791504263,
409.31765844424,
409.82889148839024,
410.34144855635634,
410.85531110303486,
411.37046053003644,
411.8868781863681,
412.4045453691191,
412.92344332414905,
413.4435532467794,
413.96485628248683,
414.4873335275994,
415.01096602999576,
415.5357347898074,
416.0616207601214,
416.588604847689,
417.116667913633,
417.64579077416147,
418.17595420128043,
418.70713892351137,
419.2393256266106,
419.77249495429044,
420.30662750894305,
420.84170385236746,
421.3777045064975,
421.91460995413297,
422.4524006396729,
422.99105696985134,
423.5305593144742,
424.0708880071603,
424.61202334608186,
425.1539455947102,
425.69663498256125,
426.2400717059437,
426.78423592871013,
427.32910778300834,
427.87466737003706,
428.4208947608013,
428.96776999687086,
429.5152730911409,
430.06338402859376,
430.6120827670627,
431.1613492379978,
431.71116334723354,
432.26150497575804,
432.8123539804834,
433.3636901950198,
433.915493430448,
434.467743476097,
435.02042010032005,
435.57350305127477,
436.1269720577037,
436.6808068297157,
437.23498705957047,
437.7894924224627,
438.34430257730924,
438.89939716753645,
439.4547558218694,
440.0103581551223,
440.5661837689903,
441.12221225284236,
441.67842318451505,
442.2347961311084,
442.7913106497821,
443.34794628855286,
443.9046825870928,
444.46149907752977,
445.01837528524743,
445.57529072968657,
446.13222492514853,
446.68915738159717,
