z = [
-1.5,
-1.494,
-1.488,
-1.482,
-1.476,
-1.47,
-1.464,
-1.458,
-1.452,
-1.446,
-1.44,
-1.434,
-1.428,
-1.422,
-1.416,
-1.41,
-1.404,
-1.398,
-1.392,
-1.386,
-1.38,
-1.374,
-1.368,
-1.362,
-1.356,
-1.35,
-1.344,
-1.338,
-1.332,
-1.326,
-1.32,
-1.314,
-1.308,
-1.302,
-1.296,
-1.29,
-1.284,
-1.278,
-1.272,
-1.266,
-1.26,
-1.254,
-1.248,
-1.242,
-1.236,
-1.23,
-1.224,
-1.218,
-1.212,
-1.206,
-1.2,
-1.194,
-1.188,
-1.182,
-1.176,
-1.17,
-1.164,
-1.158,
-1.152,
-1.146,
-1.14,
-1.134,
-1.128,
-1.122,
-1.116,
-1.11,
-1.104,
-1.098,
-1.092,
-1.086,
-1.08,
-1.074,
-1.068,
-1.062,
-1.056,
-1.05,
-1.044,
-1.038,
-1.032,
-1.026,
-1.02,
-1.014,
-1.008,
-1.002,
-0.996,
-0.99,
-0.984,
-0.978,
-0.972,
-0.966,
-0.96,
-0.954,
-0.948,
-0.942,
-0.936,
-0.93,
-0.924,
-0.918,
-0.912,
-0.906,
-0.9,
-0.894,
-0.888,
-0.882,
-0.876,
-0.87,
-0.864,
-0.858,
-0.852,
-0.846,
-0.84,
-0.834,
-0.828,
-0.822,
-0.816,
-0.81,
-0.804,
-0.798,
-0.792,
-0.786,
-0.78,
-0.774,
-0.768,
-0.762,
-0.756,
-0.75,
-0.744,
-0.738,
-0.732,
-0.726,
-0.72,
-0.714,
-0.708,
-0.702,
-0.696,
-0.69,
-0.684,
-0.678,
-0.672,
-0.666,
-0.66,
-0.654,
-0.648,
-0.642,
-0.636,
-0.63,
-0.624,
-0.618,
-0.612,
-0.606,
-0.6,
-0.594,
-0.588,
-0.582,
-0.576,
-0.57,
-0.564,
-0.558,
-0.552,
-0.546,
-0.54,
-0.534,
-0.528,
-0.522,
-0.516,
-0.51,
-0.504,
-0.498,
-0.492,
-0.486,
-0.48,
-0.474,
-0.468,
-0.462,
-0.456,
-0.45,
-0.444,
-0.438,
-0.432,
-0.426,
-0.42,
-0.414,
-0.408,
-0.402,
-0.396,
-0.39,
-0.384,
-0.378,
-0.372,
-0.366,
-0.36,
-0.354,
-0.348,
-0.342,
-0.336,
-0.33,
-0.324,
-0.318,
-0.312,
-0.306,
-0.3,
-0.294,
-0.288,
-0.282,
-0.276,
-0.27,
-0.264,
-0.258,
-0.252,
-0.246,
-0.24,
-0.234,
-0.228,
-0.222,
-0.216,
-0.21,
-0.204,
-0.198,
-0.192,
-0.186,
-0.18,
-0.174,
-0.168,
-0.162,
-0.156,
-0.15,
-0.144,
-0.138,
-0.132,
-0.126,
-0.12,
-0.114,
-0.108,
-0.102,
-0.096,
-0.09,
-0.084,
-0.078,
-0.072,
-0.066,
-0.06,
-0.054,
-0.048,
-0.042,
-0.036,
-0.03,
-0.024,
-0.018,
-0.012,
-0.006,
0.0,
0.006,
0.012,
0.018,
0.024,
0.03,
0.036,
0.042,
0.048,
0.054,
0.06,
0.066,
0.072,
0.078,
0.084,
0.09,
0.096,
0.102,
0.108,
0.114,
0.12,
0.126,
0.132,
0.138,
0.144,
0.15,
0.156,
0.162,
0.168,
0.174,
0.18,
0.186,
0.192,
0.198,
0.204,
0.21,
0.216,
0.222,
0.228,
0.234,
0.24,
0.246,
0.252,
0.258,
0.264,
0.27,
0.276,
0.282,
0.288,
0.294,
0.3,
0.306,
0.312,
0.318,
0.324,
0.33,
0.336,
0.342,
0.348,
0.354,
0.36,
0.366,
0.372,
0.378,
0.384,
0.39,
0.396,
0.402,
0.408,
0.414,
0.42,
0.426,
0.432,
0.438,
0.444,
0.45,
0.456,
0.462,
0.468,
0.474,
0.48,
0.486,
0.492,
0.498,
0.504,
0.51,
0.516,
0.522,
0.528,
0.534,
0.54,
0.546,
0.552,
0.558,
0.564,
0.57,
0.576,
0.582,
0.588,
0.594,
0.6,
0.606,
0.612,
0.618,
0.624,
0.63,
0.636,
0.642,
0.648,
0.654,
0.66,
0.666,
0.672,
0.678,
0.684,
0.69,
0.696,
0.702,
0.708,
0.714,
0.72,
0.726,
0.732,
0.738,
0.744,
0.75,
0.756,
0.762,
0.768,
0.774,
0.78,
0.786,
0.792,
0.798,
0.804,
0.81,
0.816,
0.822,
0.828,
0.834,
0.84,
0.846,
0.852,
0.858,
0.864,
0.87,
0.876,
0.882,
0.888,
0.894,
0.9,
0.906,
0.912,
0.918,
0.924,
0.93,
0.936,
0.942,
0.948,
0.954,
0.96,
0.966,
0.972,
0.978,
0.984,
0.99,
0.996,
1.002,
1.008,
1.014,
1.02,
1.026,
1.032,
1.038,
1.044,
1.05,
1.056,
1.062,
1.068,
1.074,
1.08,
1.086,
1.092,
1.098,
1.104,
1.11,
1.116,
1.122,
1.128,
1.134,
1.14,
1.146,
1.152,
1.158,
1.164,
1.17,
1.176,
1.182,
1.188,
1.194,
1.2,
1.206,
1.212,
1.218,
1.224,
1.23,
1.236,
1.242,
1.248,
1.254,
1.26,
1.266,
1.272,
1.278,
1.284,
1.29,
1.296,
1.302,
1.308,
1.314,
1.32,
1.326,
1.332,
1.338,
1.344,
1.35,
1.356,
1.362,
1.368,
1.374,
1.38,
1.386,
1.392,
1.398,
1.404,
1.41,
1.416,
1.422,
1.428,
1.434,
1.44,
1.446,
1.452,
1.458,
1.464,
1.47,
1.476,
1.482,
1.488,
1.494,
1.5,];
cz = [
355.0,
355.04230831702955,
355.0878548342398,
355.1366379211464,
355.18865583140087,
355.24390670285425,
355.302388557623,
355.3640993021603,
355.42903672733064,
355.4971985084892,
355.5685822055648,
355.6431852631474,
355.7210050105797,
355.80203866205215,
355.8862833167037,
355.9737359587248,
356.0643934574655,
356.1582525675477,
356.25530992898166,
356.3555620672854,
356.4590053936099,
356.565636204867,
356.67545068386255,
356.7884448994323,
356.9046148065835,
357.02395624663893,
357.14646494738633,
357.2721365232311,
357.400966475353,
357.5329501918678,
357.66808294799216,
357.8063599062125,
357.9477761164584,
358.09232651627974,
358.2400059310281,
358.3908090740417,
358.544730546835,
358.7017648392916,
358.8619063298619,
359.02514928576375,
359.1914878631882,
359.3609161075086,
359.53342795349386,
359.7090172255248,
359.8876776378165,
360.0694027946423,
360.25418619056325,
360.44202121066076,
360.63290113077335,
360.82681911773795,
361.0237682296337,
361.22374141603086,
361.4267315182433,
361.6327312695846,
361.8417332956283,
362.0537301144716,
362.2687141370037,
362.486677667177,
362.7076129022828,
362.9315119332307,
363.1583667448317,
363.388169216085,
363.6209111204686,
363.85658412623445,
364.095179796706,
364.3366895905805,
364.5811048622346,
364.82841686203415,
365.0786167366474,
365.33169552936135,
365.58764418040334,
365.84645352726454,
366.10811430502827,
366.3726171467018,
366.6399525835516,
366.910111045442,
367.18308286117815,
367.4588582588523,
367.73742736619306,
368.01878021091954,
368.30290672109766,
368.5897967255013,
368.879439953976,
369.1718260378067,
369.4669445100891,
369.7647848061041,
370.0653362636963,
370.3685881236553,
370.67452953010127,
370.9831495308732,
371.2944370779213,
371.6083810277022,
371.9249701415782,
372.2441930862192,
372.5660384340089,
372.89049466345307,
373.2175501595932,
373.5471932144212,
373.87941202729917,
374.2141947053814,
374.5515292640406,
374.89140362729654,
375.23380562824843,
375.57872300951067,
375.9261434236513,
376.2760544336344,
376.6284435132651,
376.98329804763796,
377.34060533358866,
377.70035258014855,
378.06252690900305,
378.427115354952,
378.79410486637425,
379.16348230569486,
379.5352344498551,
379.90934799078616,
380.2858095358853,
380.66460560849544,
381.0457226483876,
381.4291470122462,
381.81486497415744,
382.2028627261011,
382.59312637844425,
382.98564196043867,
383.38039542072124,
383.7773726278167,
384.17655937064364,
384.57794135902293,
384.98150422418985,
385.387233519308,
385.7951147199866,
386.20513322480053,
386.61727435581304,
387.0315233591008,
387.44786540528264,
387.8662855900503,
388.2867689347014,
388.70930038667655,
389.1338648200974,
389.5604470363087,
389.98903176442184,
390.4196036618622,
390.85214731491783,
391.28664723929137,
391.7230878806545,
392.16145361520455,
392.6017287502242,
393.0438975246426,
393.4879441096001,
393.93385260901505,
394.3816070601521,
394.83119143419424,
395.28258963681674,
395.73578550876255,
396.19076282642163,
396.6475053024112,
397.1059965861589,
397.56622026448804,
398.0281598622056,
398.4917988426914,
398.9571206084904,
399.42410850190686,
399.8927458056007,
400.3630157431859,
400.8349014798307,
401.30838612286095,
401.7834527223645,
402.2600842717975,
402.73826370859433,
403.2179739147771,
403.6991977175695,
404.18191789001116,
404.666117151574,
405.15177816878133,
405.63888355582833,
406.1274158752042,
406.6173576383163,
407.1086913061167,
407.60139928972967,
408.0954639510811,
408.5908676035308,
409.08759251250444,
409.5856208961296,
410.08493492587127,
410.585516727171,
411.08734838008615,
411.5904119199315,
412.0946893379229,
412.6001625818209,
413.1068135565781,
413.6146241249862,
414.12357610832555,
414.6336512870157,
415.1448314012681,
415.6570981517393,
416.17043320018615,
416.6848181701223,
417.20023464747635,
417.7166641812503,
418.23408828418087,
418.7524884334009,
419.2718460711026,
419.7921426052013,
420.31335941000214,
420.83547782686594,
421.35847916487717,
421.8823447015136,
422.4070556833161,
422.9325933265602,
423.45893881792813,
423.98607331518303,
424.5139779478425,
425.0426338178552,
425.5720220002763,
426.10212354394594,
426.6329194721668,
427.1643907833842,
427.6965184518657,
428.22928342838236,
428.76266664089087,
429.2966489952164,
429.8312113757354,
430.36633464606086,
430.90199964972646,
431.43818721087337,
