HIS_IMP_KEFF = [
   1  5.79175E-01 5.79175E-01 0.00000  
];

HIS_ANA_KEFF = [
   1  1.00000E+00 1.00000E+00 0.00000  5.79175E-01 5.79175E-01 0.00000  0.00000E+00 0.00000E+00 0.00000  
];

HIS_COL_KEFF = [
   1  5.79175E-01 5.79175E-01 0.00000  
];

HIS_ITER_VAL = [
   1  0.00000E+00 0.00000E+00 0.00000  
];

HIS_MEAN_POP_SIZE = [
   1  6.00000E+03 6.00000E+03 0.00000  
];

HIS_MEAN_POP_WGT = [
   1  6.00000E+03 6.00000E+03 0.00000  
];

HIS_TRANSPORT_RUNTIME = [
   1  5.42000E-01 5.42000E-01 0.00000  1.42900E+01 1.42900E+01 0.00000  
];

HIS_TRANSPORT_CPU_USAGE = [
   1  2.62523E+01 2.62523E+01 0.00000  
];

HIS_ENTR_SPT = [
   1  6.70574E-01 6.70574E-01 0.00000  6.68333E-01 6.68333E-01 0.00000  6.68049E-01 6.68049E-01 0.00000  6.82018E-01 6.82018E-01 0.00000  
];

HIS_ENTR_SWG = [
   1  6.70574E-01 6.70574E-01 0.00000  6.68333E-01 6.68333E-01 0.00000  6.68049E-01 6.68049E-01 0.00000  6.82018E-01 6.82018E-01 0.00000  
];

