
DETflux = [
    1    1    1    1    1    1    1    1    1    1  3.29606E+13 0.00858 
    2    1    1    1    2    1    1    1    1    1  2.09697E+14 0.00391 
    3    1    1    1    3    1    1    1    1    1  8.01874E+14 0.00232 
    4    1    1    1    4    1    1    1    1    1  1.86481E+15 0.00156 
    5    1    1    1    5    1    1    1    1    1  2.63740E+15 0.00135 
    6    1    1    1    6    1    1    1    1    1  2.29607E+15 0.00147 
    7    1    1    1    7    1    1    1    1    1  1.23066E+15 0.00188 
    8    1    1    1    8    1    1    1    1    1  3.97381E+14 0.00288 
    9    1    1    1    9    1    1    1    1    1  8.23331E+13 0.00597 
   10    1    1    1   10    1    1    1    1    1  6.40892E+13 0.00584 
   11    1    1    1   11    1    1    1    1    1  4.31156E+14 0.00264 
   12    1    1    1   12    1    1    1    1    1  1.65998E+15 0.00151 
   13    1    1    1   13    1    1    1    1    1  3.66918E+15 0.00093 
   14    1    1    1   14    1    1    1    1    1  4.91292E+15 0.00077 
   15    1    1    1   15    1    1    1    1    1  4.37081E+15 0.00085 
   16    1    1    1   16    1    1    1    1    1  2.49430E+15 0.00120 
   17    1    1    1   17    1    1    1    1    1  8.23825E+14 0.00191 
   18    1    1    1   18    1    1    1    1    1  1.59326E+14 0.00400 
   19    1    1    1   19    1    1    1    1    1  7.97215E+13 0.00507 
   20    1    1    1   20    1    1    1    1    1  5.39962E+14 0.00219 
   21    1    1    1   21    1    1    1    1    1  2.02631E+15 0.00128 
   22    1    1    1   22    1    1    1    1    1  4.18813E+15 0.00078 
   23    1    1    1   23    1    1    1    1    1  5.35641E+15 0.00064 
   24    1    1    1   24    1    1    1    1    1  4.85528E+15 0.00069 
   25    1    1    1   25    1    1    1    1    1  2.95730E+15 0.00099 
   26    1    1    1   26    1    1    1    1    1  1.02026E+15 0.00168 
   27    1    1    1   27    1    1    1    1    1  1.97350E+14 0.00339 
   28    1    1    1   28    1    1    1    1    1  7.73057E+13 0.00514 
   29    1    1    1   29    1    1    1    1    1  5.23935E+14 0.00222 
   30    1    1    1   30    1    1    1    1    1  1.90776E+15 0.00126 
   31    1    1    1   31    1    1    1    1    1  3.72968E+15 0.00082 
   32    1    1    1   32    1    1    1    1    1  4.61738E+15 0.00069 
   33    1    1    1   33    1    1    1    1    1  4.24276E+15 0.00072 
   34    1    1    1   34    1    1    1    1    1  2.71166E+15 0.00095 
   35    1    1    1   35    1    1    1    1    1  9.76453E+14 0.00166 
   36    1    1    1   36    1    1    1    1    1  1.92862E+14 0.00342 
   37    1    1    1   37    1    1    1    1    1  6.30036E+13 0.00546 
   38    1    1    1   38    1    1    1    1    1  4.16611E+14 0.00228 
   39    1    1    1   39    1    1    1    1    1  1.48674E+15 0.00132 
   40    1    1    1   40    1    1    1    1    1  2.84774E+15 0.00094 
   41    1    1    1   41    1    1    1    1    1  3.50998E+15 0.00075 
   42    1    1    1   42    1    1    1    1    1  3.23237E+15 0.00083 
   43    1    1    1   43    1    1    1    1    1  2.08659E+15 0.00109 
   44    1    1    1   44    1    1    1    1    1  7.66319E+14 0.00174 
   45    1    1    1   45    1    1    1    1    1  1.54471E+14 0.00365 
   46    1    1    1   46    1    1    1    1    1  4.36234E+13 0.00597 
   47    1    1    1   47    1    1    1    1    1  2.76183E+14 0.00262 
   48    1    1    1   48    1    1    1    1    1  9.69269E+14 0.00156 
   49    1    1    1   49    1    1    1    1    1  1.92427E+15 0.00110 
   50    1    1    1   50    1    1    1    1    1  2.45454E+15 0.00095 
   51    1    1    1   51    1    1    1    1    1  2.22847E+15 0.00097 
   52    1    1    1   52    1    1    1    1    1  1.37360E+15 0.00126 
   53    1    1    1   53    1    1    1    1    1  5.01584E+14 0.00200 
   54    1    1    1   54    1    1    1    1    1  1.05455E+14 0.00379 
   55    1    1    1   55    1    1    1    1    1  2.75608E+13 0.00756 
   56    1    1    1   56    1    1    1    1    1  1.65685E+14 0.00327 
   57    1    1    1   57    1    1    1    1    1  5.75241E+14 0.00185 
   58    1    1    1   58    1    1    1    1    1  1.18285E+15 0.00137 
   59    1    1    1   59    1    1    1    1    1  1.55429E+15 0.00116 
   60    1    1    1   60    1    1    1    1    1  1.39236E+15 0.00117 
   61    1    1    1   61    1    1    1    1    1  8.26172E+14 0.00160 
   62    1    1    1   62    1    1    1    1    1  2.99669E+14 0.00248 
   63    1    1    1   63    1    1    1    1    1  6.56387E+13 0.00470 
   64    1    1    1   64    1    1    1    1    1  1.63773E+13 0.00914 
   65    1    1    1   65    1    1    1    1    1  9.42424E+13 0.00395 
   66    1    1    1   66    1    1    1    1    1  3.18898E+14 0.00223 
   67    1    1    1   67    1    1    1    1    1  6.60768E+14 0.00170 
   68    1    1    1   68    1    1    1    1    1  8.83915E+14 0.00146 
   69    1    1    1   69    1    1    1    1    1  7.87489E+14 0.00151 
   70    1    1    1   70    1    1    1    1    1  4.59261E+14 0.00191 
   71    1    1    1   71    1    1    1    1    1  1.67908E+14 0.00308 
   72    1    1    1   72    1    1    1    1    1  3.89830E+13 0.00586 
   73    1    1    1   73    1    1    1    1    1  9.40470E+12 0.01147 
   74    1    1    1   74    1    1    1    1    1  5.18669E+13 0.00504 
   75    1    1    1   75    1    1    1    1    1  1.69382E+14 0.00287 
   76    1    1    1   76    1    1    1    1    1  3.52260E+14 0.00216 
   77    1    1    1   77    1    1    1    1    1  4.72859E+14 0.00191 
   78    1    1    1   78    1    1    1    1    1  4.20144E+14 0.00192 
   79    1    1    1   79    1    1    1    1    1  2.44385E+14 0.00259 
   80    1    1    1   80    1    1    1    1    1  9.06527E+13 0.00403 
   81    1    1    1   81    1    1    1    1    1  2.26616E+13 0.00714 
   82    1    1    1   82    1    1    1    1    1  5.13466E+12 0.01551 
   83    1    1    1   83    1    1    1    1    1  2.80470E+13 0.00656 
   84    1    1    1   84    1    1    1    1    1  8.88301E+13 0.00381 
   85    1    1    1   85    1    1    1    1    1  1.82288E+14 0.00270 
   86    1    1    1   86    1    1    1    1    1  2.45027E+14 0.00246 
   87    1    1    1   87    1    1    1    1    1  2.18583E+14 0.00250 
   88    1    1    1   88    1    1    1    1    1  1.27824E+14 0.00328 
   89    1    1    1   89    1    1    1    1    1  4.80840E+13 0.00543 
   90    1    1    1   90    1    1    1    1    1  1.30412E+13 0.00935 
   91    1    1    1   91    1    1    1    1    1  2.97790E+12 0.02003 
   92    1    1    1   92    1    1    1    1    1  1.51294E+13 0.00850 
   93    1    1    1   93    1    1    1    1    1  4.63256E+13 0.00517 
   94    1    1    1   94    1    1    1    1    1  9.38853E+13 0.00374 
   95    1    1    1   95    1    1    1    1    1  1.24672E+14 0.00328 
   96    1    1    1   96    1    1    1    1    1  1.11584E+14 0.00339 
   97    1    1    1   97    1    1    1    1    1  6.60980E+13 0.00438 
   98    1    1    1   98    1    1    1    1    1  2.54378E+13 0.00672 
   99    1    1    1   99    1    1    1    1    1  7.54339E+12 0.01181 
  100    1    1    1  100    1    1    1    1    1  1.68051E+12 0.02394 
  101    1    1    1  101    1    1    1    1    1  8.32927E+12 0.01148 
  102    1    1    1  102    1    1    1    1    1  2.45668E+13 0.00664 
  103    1    1    1  103    1    1    1    1    1  4.86225E+13 0.00490 
  104    1    1    1  104    1    1    1    1    1  6.34686E+13 0.00407 
  105    1    1    1  105    1    1    1    1    1  5.71673E+13 0.00450 
  106    1    1    1  106    1    1    1    1    1  3.47842E+13 0.00549 
  107    1    1    1  107    1    1    1    1    1  1.38278E+13 0.00923 
  108    1    1    1  108    1    1    1    1    1  4.66302E+12 0.01493 
];

