
DETflux = [
    1    1    1    1    1    1    1    1    1    1  2.77329E+13 0.00903 
    2    1    1    1    2    1    1    1    1    1  1.79020E+14 0.00425 
    3    1    1    1    3    1    1    1    1    1  6.87251E+14 0.00236 
    4    1    1    1    4    1    1    1    1    1  1.60500E+15 0.00157 
    5    1    1    1    5    1    1    1    1    1  2.28557E+15 0.00131 
    6    1    1    1    6    1    1    1    1    1  1.99683E+15 0.00152 
    7    1    1    1    7    1    1    1    1    1  1.06589E+15 0.00193 
    8    1    1    1    8    1    1    1    1    1  3.42535E+14 0.00300 
    9    1    1    1    9    1    1    1    1    1  7.14967E+13 0.00609 
   10    1    1    1   10    1    1    1    1    1  5.73586E+13 0.00580 
   11    1    1    1   11    1    1    1    1    1  3.91084E+14 0.00271 
   12    1    1    1   12    1    1    1    1    1  1.55536E+15 0.00155 
   13    1    1    1   13    1    1    1    1    1  3.56352E+15 0.00098 
   14    1    1    1   14    1    1    1    1    1  4.89584E+15 0.00081 
   15    1    1    1   15    1    1    1    1    1  4.32987E+15 0.00093 
   16    1    1    1   16    1    1    1    1    1  2.38918E+15 0.00123 
   17    1    1    1   17    1    1    1    1    1  7.60602E+14 0.00199 
   18    1    1    1   18    1    1    1    1    1  1.44711E+14 0.00401 
   19    1    1    1   19    1    1    1    1    1  7.26869E+13 0.00536 
   20    1    1    1   20    1    1    1    1    1  5.09396E+14 0.00235 
   21    1    1    1   21    1    1    1    1    1  1.98231E+15 0.00132 
   22    1    1    1   22    1    1    1    1    1  4.30766E+15 0.00077 
   23    1    1    1   23    1    1    1    1    1  5.68380E+15 0.00062 
   24    1    1    1   24    1    1    1    1    1  5.11113E+15 0.00072 
   25    1    1    1   25    1    1    1    1    1  2.98529E+15 0.00101 
   26    1    1    1   26    1    1    1    1    1  9.84211E+14 0.00165 
   27    1    1    1   27    1    1    1    1    1  1.85011E+14 0.00351 
   28    1    1    1   28    1    1    1    1    1  7.17349E+13 0.00512 
   29    1    1    1   29    1    1    1    1    1  5.03396E+14 0.00217 
   30    1    1    1   30    1    1    1    1    1  1.91566E+15 0.00119 
   31    1    1    1   31    1    1    1    1    1  3.93702E+15 0.00080 
   32    1    1    1   32    1    1    1    1    1  5.02757E+15 0.00061 
   33    1    1    1   33    1    1    1    1    1  4.58927E+15 0.00071 
   34    1    1    1   34    1    1    1    1    1  2.81748E+15 0.00098 
   35    1    1    1   35    1    1    1    1    1  9.67414E+14 0.00162 
   36    1    1    1   36    1    1    1    1    1  1.82112E+14 0.00339 
   37    1    1    1   37    1    1    1    1    1  5.90302E+13 0.00547 
   38    1    1    1   38    1    1    1    1    1  4.02200E+14 0.00227 
   39    1    1    1   39    1    1    1    1    1  1.49902E+15 0.00128 
   40    1    1    1   40    1    1    1    1    1  3.01803E+15 0.00089 
   41    1    1    1   41    1    1    1    1    1  3.83169E+15 0.00072 
   42    1    1    1   42    1    1    1    1    1  3.50442E+15 0.00078 
   43    1    1    1   43    1    1    1    1    1  2.17953E+15 0.00103 
   44    1    1    1   44    1    1    1    1    1  7.66214E+14 0.00171 
   45    1    1    1   45    1    1    1    1    1  1.48500E+14 0.00349 
   46    1    1    1   46    1    1    1    1    1  4.12804E+13 0.00619 
   47    1    1    1   47    1    1    1    1    1  2.67460E+14 0.00259 
   48    1    1    1   48    1    1    1    1    1  9.68317E+14 0.00146 
   49    1    1    1   49    1    1    1    1    1  2.01363E+15 0.00102 
   50    1    1    1   50    1    1    1    1    1  2.63137E+15 0.00089 
   51    1    1    1   51    1    1    1    1    1  2.37102E+15 0.00099 
   52    1    1    1   52    1    1    1    1    1  1.41861E+15 0.00117 
   53    1    1    1   53    1    1    1    1    1  4.98419E+14 0.00204 
   54    1    1    1   54    1    1    1    1    1  1.02251E+14 0.00407 
   55    1    1    1   55    1    1    1    1    1  2.60544E+13 0.00736 
   56    1    1    1   56    1    1    1    1    1  1.60873E+14 0.00303 
   57    1    1    1   57    1    1    1    1    1  5.68874E+14 0.00181 
   58    1    1    1   58    1    1    1    1    1  1.21505E+15 0.00128 
   59    1    1    1   59    1    1    1    1    1  1.62903E+15 0.00111 
   60    1    1    1   60    1    1    1    1    1  1.45171E+15 0.00120 
   61    1    1    1   61    1    1    1    1    1  8.40223E+14 0.00146 
   62    1    1    1   62    1    1    1    1    1  2.94848E+14 0.00253 
   63    1    1    1   63    1    1    1    1    1  6.38744E+13 0.00491 
   64    1    1    1   64    1    1    1    1    1  1.53885E+13 0.00906 
   65    1    1    1   65    1    1    1    1    1  9.06122E+13 0.00396 
   66    1    1    1   66    1    1    1    1    1  3.12313E+14 0.00236 
   67    1    1    1   67    1    1    1    1    1  6.68171E+14 0.00171 
   68    1    1    1   68    1    1    1    1    1  9.04452E+14 0.00137 
   69    1    1    1   69    1    1    1    1    1  8.02239E+14 0.00154 
   70    1    1    1   70    1    1    1    1    1  4.60439E+14 0.00197 
   71    1    1    1   71    1    1    1    1    1  1.64811E+14 0.00289 
   72    1    1    1   72    1    1    1    1    1  3.75066E+13 0.00601 
   73    1    1    1   73    1    1    1    1    1  8.82196E+12 0.01214 
   74    1    1    1   74    1    1    1    1    1  4.96775E+13 0.00525 
   75    1    1    1   75    1    1    1    1    1  1.65068E+14 0.00302 
   76    1    1    1   76    1    1    1    1    1  3.50779E+14 0.00210 
   77    1    1    1   77    1    1    1    1    1  4.76754E+14 0.00184 
   78    1    1    1   78    1    1    1    1    1  4.21324E+14 0.00200 
   79    1    1    1   79    1    1    1    1    1  2.43236E+14 0.00246 
   80    1    1    1   80    1    1    1    1    1  8.83218E+13 0.00390 
   81    1    1    1   81    1    1    1    1    1  2.15963E+13 0.00752 
   82    1    1    1   82    1    1    1    1    1  4.81484E+12 0.01543 
   83    1    1    1   83    1    1    1    1    1  2.62750E+13 0.00686 
   84    1    1    1   84    1    1    1    1    1  8.59531E+13 0.00395 
   85    1    1    1   85    1    1    1    1    1  1.80880E+14 0.00281 
   86    1    1    1   86    1    1    1    1    1  2.44533E+14 0.00243 
   87    1    1    1   87    1    1    1    1    1  2.16583E+14 0.00264 
   88    1    1    1   88    1    1    1    1    1  1.25872E+14 0.00323 
   89    1    1    1   89    1    1    1    1    1  4.67379E+13 0.00500 
   90    1    1    1   90    1    1    1    1    1  1.24263E+13 0.00947 
   91    1    1    1   91    1    1    1    1    1  2.72113E+12 0.02005 
   92    1    1    1   92    1    1    1    1    1  1.39579E+13 0.00895 
   93    1    1    1   93    1    1    1    1    1  4.38950E+13 0.00528 
   94    1    1    1   94    1    1    1    1    1  9.17945E+13 0.00387 
   95    1    1    1   95    1    1    1    1    1  1.23028E+14 0.00325 
   96    1    1    1   96    1    1    1    1    1  1.09215E+14 0.00341 
   97    1    1    1   97    1    1    1    1    1  6.43209E+13 0.00427 
   98    1    1    1   98    1    1    1    1    1  2.43551E+13 0.00727 
   99    1    1    1   99    1    1    1    1    1  7.30540E+12 0.01228 
  100    1    1    1  100    1    1    1    1    1  1.57934E+12 0.02562 
  101    1    1    1  101    1    1    1    1    1  7.53595E+12 0.01207 
  102    1    1    1  102    1    1    1    1    1  2.29594E+13 0.00689 
  103    1    1    1  103    1    1    1    1    1  4.70180E+13 0.00518 
  104    1    1    1  104    1    1    1    1    1  6.23234E+13 0.00449 
  105    1    1    1  105    1    1    1    1    1  5.53925E+13 0.00473 
  106    1    1    1  106    1    1    1    1    1  3.33836E+13 0.00577 
  107    1    1    1  107    1    1    1    1    1  1.32777E+13 0.00906 
  108    1    1    1  108    1    1    1    1    1  4.45206E+12 0.01547 
];

