
DETtritium = [
    1    1    1    1    1    1    1    1    1    1  2.84210E+13 0.01069 
    2    1    1    1    2    1    1    1    1    1  1.73177E+14 0.00474 
    3    1    1    1    3    1    1    1    1    1  6.93687E+14 0.00264 
    4    1    1    1    4    1    1    1    1    1  2.12650E+15 0.00172 
    5    1    1    1    5    1    1    1    1    1  4.13043E+15 0.00139 
    6    1    1    1    6    1    1    1    1    1  4.87631E+15 0.00151 
    7    1    1    1    7    1    1    1    1    1  3.32093E+15 0.00207 
    8    1    1    1    8    1    1    1    1    1  1.17065E+15 0.00349 
    9    1    1    1    9    1    1    1    1    1  3.16072E+14 0.01119 
   10    1    1    1   10    1    1    1    1    1  5.59155E+13 0.00705 
   11    1    1    1   11    1    1    1    1    1  3.62618E+14 0.00287 
   12    1    1    1   12    1    1    1    1    1  1.48439E+15 0.00161 
   13    1    1    1   13    1    1    1    1    1  4.43446E+15 0.00103 
   14    1    1    1   14    1    1    1    1    1  8.36363E+15 0.00087 
   15    1    1    1   15    1    1    1    1    1  9.99261E+15 0.00095 
   16    1    1    1   16    1    1    1    1    1  7.02436E+15 0.00133 
   17    1    1    1   17    1    1    1    1    1  2.49164E+15 0.00223 
   18    1    1    1   18    1    1    1    1    1  5.50786E+14 0.00583 
   19    1    1    1   19    1    1    1    1    1  6.98648E+13 0.00579 
   20    1    1    1   20    1    1    1    1    1  4.61073E+14 0.00249 
   21    1    1    1   21    1    1    1    1    1  1.86124E+15 0.00134 
   22    1    1    1   22    1    1    1    1    1  5.28535E+15 0.00088 
   23    1    1    1   23    1    1    1    1    1  9.61862E+15 0.00068 
   24    1    1    1   24    1    1    1    1    1  1.16604E+16 0.00078 
   25    1    1    1   25    1    1    1    1    1  8.57994E+15 0.00110 
   26    1    1    1   26    1    1    1    1    1  3.13599E+15 0.00189 
   27    1    1    1   27    1    1    1    1    1  6.77168E+14 0.00464 
   28    1    1    1   28    1    1    1    1    1  6.84991E+13 0.00545 
   29    1    1    1   29    1    1    1    1    1  4.51230E+14 0.00240 
   30    1    1    1   30    1    1    1    1    1  1.76754E+15 0.00139 
   31    1    1    1   31    1    1    1    1    1  4.81741E+15 0.00095 
   32    1    1    1   32    1    1    1    1    1  8.51954E+15 0.00071 
   33    1    1    1   33    1    1    1    1    1  1.04473E+16 0.00078 
   34    1    1    1   34    1    1    1    1    1  8.01833E+15 0.00107 
   35    1    1    1   35    1    1    1    1    1  3.02352E+15 0.00185 
   36    1    1    1   36    1    1    1    1    1  6.56968E+14 0.00451 
   37    1    1    1   37    1    1    1    1    1  5.63336E+13 0.00596 
   38    1    1    1   38    1    1    1    1    1  3.61239E+14 0.00263 
   39    1    1    1   39    1    1    1    1    1  1.38274E+15 0.00147 
   40    1    1    1   40    1    1    1    1    1  3.70014E+15 0.00102 
   41    1    1    1   41    1    1    1    1    1  6.50826E+15 0.00083 
   42    1    1    1   42    1    1    1    1    1  7.99812E+15 0.00083 
   43    1    1    1   43    1    1    1    1    1  6.21421E+15 0.00126 
   44    1    1    1   44    1    1    1    1    1  2.39062E+15 0.00199 
   45    1    1    1   45    1    1    1    1    1  5.35742E+14 0.00477 
   46    1    1    1   46    1    1    1    1    1  3.98651E+13 0.00675 
   47    1    1    1   47    1    1    1    1    1  2.47154E+14 0.00309 
   48    1    1    1   48    1    1    1    1    1  9.26879E+14 0.00167 
   49    1    1    1   49    1    1    1    1    1  2.50934E+15 0.00116 
   50    1    1    1   50    1    1    1    1    1  4.50729E+15 0.00100 
   51    1    1    1   51    1    1    1    1    1  5.48723E+15 0.00098 
   52    1    1    1   52    1    1    1    1    1  4.18293E+15 0.00143 
   53    1    1    1   53    1    1    1    1    1  1.62091E+15 0.00229 
   54    1    1    1   54    1    1    1    1    1  3.88606E+14 0.00605 
   55    1    1    1   55    1    1    1    1    1  2.52674E+13 0.00869 
   56    1    1    1   56    1    1    1    1    1  1.52074E+14 0.00361 
   57    1    1    1   57    1    1    1    1    1  5.62281E+14 0.00197 
   58    1    1    1   58    1    1    1    1    1  1.55418E+15 0.00140 
   59    1    1    1   59    1    1    1    1    1  2.84946E+15 0.00119 
   60    1    1    1   60    1    1    1    1    1  3.43974E+15 0.00123 
   61    1    1    1   61    1    1    1    1    1  2.56084E+15 0.00167 
   62    1    1    1   62    1    1    1    1    1  9.93115E+14 0.00280 
   63    1    1    1   63    1    1    1    1    1  2.57020E+14 0.00800 
   64    1    1    1   64    1    1    1    1    1  1.54396E+13 0.01085 
   65    1    1    1   65    1    1    1    1    1  8.84604E+13 0.00465 
   66    1    1    1   66    1    1    1    1    1  3.19356E+14 0.00264 
   67    1    1    1   67    1    1    1    1    1  8.89374E+14 0.00178 
   68    1    1    1   68    1    1    1    1    1  1.65810E+15 0.00150 
   69    1    1    1   69    1    1    1    1    1  1.98310E+15 0.00157 
   70    1    1    1   70    1    1    1    1    1  1.45895E+15 0.00215 
   71    1    1    1   71    1    1    1    1    1  5.68639E+14 0.00359 
   72    1    1    1   72    1    1    1    1    1  1.63014E+14 0.01085 
   73    1    1    1   73    1    1    1    1    1  8.89381E+12 0.01420 
   74    1    1    1   74    1    1    1    1    1  4.96328E+13 0.00630 
   75    1    1    1   75    1    1    1    1    1  1.74257E+14 0.00342 
   76    1    1    1   76    1    1    1    1    1  4.85046E+14 0.00226 
   77    1    1    1   77    1    1    1    1    1  9.04938E+14 0.00203 
   78    1    1    1   78    1    1    1    1    1  1.08312E+15 0.00212 
   79    1    1    1   79    1    1    1    1    1  7.92565E+14 0.00284 
   80    1    1    1   80    1    1    1    1    1  3.12962E+14 0.00471 
   81    1    1    1   81    1    1    1    1    1  1.05018E+14 0.01511 
   82    1    1    1   82    1    1    1    1    1  5.15749E+12 0.01833 
   83    1    1    1   83    1    1    1    1    1  2.70733E+13 0.00849 
   84    1    1    1   84    1    1    1    1    1  9.25873E+13 0.00447 
   85    1    1    1   85    1    1    1    1    1  2.57772E+14 0.00324 
   86    1    1    1   86    1    1    1    1    1  4.78416E+14 0.00279 
   87    1    1    1   87    1    1    1    1    1  5.72842E+14 0.00293 
   88    1    1    1   88    1    1    1    1    1  4.22123E+14 0.00399 
   89    1    1    1   89    1    1    1    1    1  1.70739E+14 0.00628 
   90    1    1    1   90    1    1    1    1    1  7.09933E+13 0.02134 
   91    1    1    1   91    1    1    1    1    1  3.14561E+12 0.02894 
   92    1    1    1   92    1    1    1    1    1  1.54648E+13 0.01164 
   93    1    1    1   93    1    1    1    1    1  5.02451E+13 0.00636 
   94    1    1    1   94    1    1    1    1    1  1.36923E+14 0.00482 
   95    1    1    1   95    1    1    1    1    1  2.53903E+14 0.00400 
   96    1    1    1   96    1    1    1    1    1  3.04027E+14 0.00413 
   97    1    1    1   97    1    1    1    1    1  2.26339E+14 0.00523 
   98    1    1    1   98    1    1    1    1    1  9.33106E+13 0.00915 
   99    1    1    1   99    1    1    1    1    1  5.21744E+13 0.02792 
  100    1    1    1  100    1    1    1    1    1  2.33001E+12 0.04139 
  101    1    1    1  101    1    1    1    1    1  1.02851E+13 0.02224 
  102    1    1    1  102    1    1    1    1    1  3.14548E+13 0.01117 
  103    1    1    1  103    1    1    1    1    1  8.25349E+13 0.00797 
  104    1    1    1  104    1    1    1    1    1  1.51755E+14 0.00651 
  105    1    1    1  105    1    1    1    1    1  1.84837E+14 0.00760 
  106    1    1    1  106    1    1    1    1    1  1.39758E+14 0.00965 
  107    1    1    1  107    1    1    1    1    1  6.04083E+13 0.01442 
  108    1    1    1  108    1    1    1    1    1  4.25530E+13 0.03291 
];

