
DETtritium = [
    1    1    1    1    1    1    1    1    1    1  3.26090E+13 0.00966 
    2    1    1    1    2    1    1    1    1    1  1.99422E+14 0.00443 
    3    1    1    1    3    1    1    1    1    1  7.87077E+14 0.00224 
    4    1    1    1    4    1    1    1    1    1  2.34871E+15 0.00159 
    5    1    1    1    5    1    1    1    1    1  4.47620E+15 0.00136 
    6    1    1    1    6    1    1    1    1    1  5.33446E+15 0.00151 
    7    1    1    1    7    1    1    1    1    1  3.70183E+15 0.00191 
    8    1    1    1    8    1    1    1    1    1  1.34068E+15 0.00319 
    9    1    1    1    9    1    1    1    1    1  3.57588E+14 0.00958 
   10    1    1    1   10    1    1    1    1    1  6.07865E+13 0.00640 
   11    1    1    1   11    1    1    1    1    1  3.88681E+14 0.00269 
   12    1    1    1   12    1    1    1    1    1  1.50763E+15 0.00145 
   13    1    1    1   13    1    1    1    1    1  4.19450E+15 0.00100 
   14    1    1    1   14    1    1    1    1    1  7.56468E+15 0.00088 
   15    1    1    1   15    1    1    1    1    1  9.22098E+15 0.00092 
   16    1    1    1   16    1    1    1    1    1  6.89807E+15 0.00128 
   17    1    1    1   17    1    1    1    1    1  2.59853E+15 0.00211 
   18    1    1    1   18    1    1    1    1    1  5.99566E+14 0.00592 
   19    1    1    1   19    1    1    1    1    1  7.42163E+13 0.00561 
   20    1    1    1   20    1    1    1    1    1  4.77773E+14 0.00231 
   21    1    1    1   21    1    1    1    1    1  1.78859E+15 0.00131 
   22    1    1    1   22    1    1    1    1    1  4.65850E+15 0.00086 
   23    1    1    1   23    1    1    1    1    1  8.08848E+15 0.00074 
   24    1    1    1   24    1    1    1    1    1  9.99762E+15 0.00076 
   25    1    1    1   25    1    1    1    1    1  7.94922E+15 0.00105 
   26    1    1    1   26    1    1    1    1    1  3.13496E+15 0.00178 
   27    1    1    1   27    1    1    1    1    1  7.12577E+14 0.00467 
   28    1    1    1   28    1    1    1    1    1  7.20253E+13 0.00549 
   29    1    1    1   29    1    1    1    1    1  4.54603E+14 0.00221 
   30    1    1    1   30    1    1    1    1    1  1.66227E+15 0.00131 
   31    1    1    1   31    1    1    1    1    1  4.15510E+15 0.00090 
   32    1    1    1   32    1    1    1    1    1  7.05932E+15 0.00071 
   33    1    1    1   33    1    1    1    1    1  8.82071E+15 0.00081 
   34    1    1    1   34    1    1    1    1    1  7.27600E+15 0.00107 
   35    1    1    1   35    1    1    1    1    1  2.96586E+15 0.00178 
   36    1    1    1   36    1    1    1    1    1  6.83793E+14 0.00442 
   37    1    1    1   37    1    1    1    1    1  5.80405E+13 0.00582 
   38    1    1    1   38    1    1    1    1    1  3.60572E+14 0.00245 
   39    1    1    1   39    1    1    1    1    1  1.30109E+15 0.00145 
   40    1    1    1   40    1    1    1    1    1  3.23931E+15 0.00102 
   41    1    1    1   41    1    1    1    1    1  5.51892E+15 0.00077 
   42    1    1    1   42    1    1    1    1    1  6.88559E+15 0.00091 
   43    1    1    1   43    1    1    1    1    1  5.67491E+15 0.00119 
   44    1    1    1   44    1    1    1    1    1  2.34648E+15 0.00188 
   45    1    1    1   45    1    1    1    1    1  5.51594E+14 0.00474 
   46    1    1    1   46    1    1    1    1    1  4.02081E+13 0.00642 
   47    1    1    1   47    1    1    1    1    1  2.47634E+14 0.00299 
   48    1    1    1   48    1    1    1    1    1  8.85815E+14 0.00168 
   49    1    1    1   49    1    1    1    1    1  2.27582E+15 0.00121 
   50    1    1    1   50    1    1    1    1    1  3.97505E+15 0.00101 
   51    1    1    1   51    1    1    1    1    1  4.90825E+15 0.00109 
   52    1    1    1   52    1    1    1    1    1  3.91491E+15 0.00140 
   53    1    1    1   53    1    1    1    1    1  1.59689E+15 0.00223 
   54    1    1    1   54    1    1    1    1    1  3.98947E+14 0.00591 
   55    1    1    1   55    1    1    1    1    1  2.59821E+13 0.00807 
   56    1    1    1   56    1    1    1    1    1  1.52539E+14 0.00350 
   57    1    1    1   57    1    1    1    1    1  5.45751E+14 0.00201 
   58    1    1    1   58    1    1    1    1    1  1.45299E+15 0.00142 
   59    1    1    1   59    1    1    1    1    1  2.61486E+15 0.00128 
   60    1    1    1   60    1    1    1    1    1  3.19169E+15 0.00135 
   61    1    1    1   61    1    1    1    1    1  2.44627E+15 0.00171 
   62    1    1    1   62    1    1    1    1    1  9.82032E+14 0.00268 
   63    1    1    1   63    1    1    1    1    1  2.64560E+14 0.00763 
   64    1    1    1   64    1    1    1    1    1  1.55411E+13 0.01109 
   65    1    1    1   65    1    1    1    1    1  8.93441E+13 0.00435 
   66    1    1    1   66    1    1    1    1    1  3.14651E+14 0.00258 
   67    1    1    1   67    1    1    1    1    1  8.56174E+14 0.00186 
   68    1    1    1   68    1    1    1    1    1  1.56964E+15 0.00161 
   69    1    1    1   69    1    1    1    1    1  1.90305E+15 0.00174 
   70    1    1    1   70    1    1    1    1    1  1.42438E+15 0.00220 
   71    1    1    1   71    1    1    1    1    1  5.73506E+14 0.00347 
   72    1    1    1   72    1    1    1    1    1  1.71358E+14 0.01033 
   73    1    1    1   73    1    1    1    1    1  9.42762E+12 0.01352 
   74    1    1    1   74    1    1    1    1    1  4.99302E+13 0.00610 
   75    1    1    1   75    1    1    1    1    1  1.73152E+14 0.00335 
   76    1    1    1   76    1    1    1    1    1  4.76806E+14 0.00237 
   77    1    1    1   77    1    1    1    1    1  8.81189E+14 0.00203 
   78    1    1    1   78    1    1    1    1    1  1.06205E+15 0.00214 
   79    1    1    1   79    1    1    1    1    1  7.88565E+14 0.00301 
   80    1    1    1   80    1    1    1    1    1  3.19264E+14 0.00456 
   81    1    1    1   81    1    1    1    1    1  1.08297E+14 0.01450 
   82    1    1    1   82    1    1    1    1    1  5.44855E+12 0.01762 
   83    1    1    1   83    1    1    1    1    1  2.77094E+13 0.00823 
   84    1    1    1   84    1    1    1    1    1  9.37638E+13 0.00441 
   85    1    1    1   85    1    1    1    1    1  2.56395E+14 0.00314 
   86    1    1    1   86    1    1    1    1    1  4.74632E+14 0.00266 
   87    1    1    1   87    1    1    1    1    1  5.72004E+14 0.00296 
   88    1    1    1   88    1    1    1    1    1  4.25212E+14 0.00394 
   89    1    1    1   89    1    1    1    1    1  1.73490E+14 0.00626 
   90    1    1    1   90    1    1    1    1    1  7.21841E+13 0.02065 
   91    1    1    1   91    1    1    1    1    1  3.12635E+12 0.02324 
   92    1    1    1   92    1    1    1    1    1  1.55644E+13 0.01077 
   93    1    1    1   93    1    1    1    1    1  5.14843E+13 0.00656 
   94    1    1    1   94    1    1    1    1    1  1.38172E+14 0.00461 
   95    1    1    1   95    1    1    1    1    1  2.53193E+14 0.00376 
   96    1    1    1   96    1    1    1    1    1  3.06694E+14 0.00418 
   97    1    1    1   97    1    1    1    1    1  2.30667E+14 0.00536 
   98    1    1    1   98    1    1    1    1    1  9.62262E+13 0.00885 
   99    1    1    1   99    1    1    1    1    1  5.13540E+13 0.02655 
  100    1    1    1  100    1    1    1    1    1  2.21694E+12 0.03584 
  101    1    1    1  101    1    1    1    1    1  1.02434E+13 0.01972 
  102    1    1    1  102    1    1    1    1    1  3.22940E+13 0.00967 
  103    1    1    1  103    1    1    1    1    1  8.41762E+13 0.00738 
  104    1    1    1  104    1    1    1    1    1  1.53040E+14 0.00634 
  105    1    1    1  105    1    1    1    1    1  1.87552E+14 0.00716 
  106    1    1    1  106    1    1    1    1    1  1.43300E+14 0.00837 
  107    1    1    1  107    1    1    1    1    1  6.40008E+13 0.01579 
  108    1    1    1  108    1    1    1    1    1  4.30920E+13 0.03253 
];

