
DETflux = [
    1    1    1    1    1    1    1    1    1    1  2.73810E+13 0.00970 
    2    1    1    1    2    1    1    1    1    1  1.74680E+14 0.00410 
    3    1    1    1    3    1    1    1    1    1  6.77946E+14 0.00234 
    4    1    1    1    4    1    1    1    1    1  1.59895E+15 0.00169 
    5    1    1    1    5    1    1    1    1    1  2.27393E+15 0.00131 
    6    1    1    1    6    1    1    1    1    1  1.97094E+15 0.00150 
    7    1    1    1    7    1    1    1    1    1  1.04303E+15 0.00205 
    8    1    1    1    8    1    1    1    1    1  3.31306E+14 0.00329 
    9    1    1    1    9    1    1    1    1    1  6.85881E+13 0.00619 
   10    1    1    1   10    1    1    1    1    1  5.60191E+13 0.00608 
   11    1    1    1   11    1    1    1    1    1  3.85187E+14 0.00278 
   12    1    1    1   12    1    1    1    1    1  1.54694E+15 0.00155 
   13    1    1    1   13    1    1    1    1    1  3.55083E+15 0.00098 
   14    1    1    1   14    1    1    1    1    1  4.86084E+15 0.00075 
   15    1    1    1   15    1    1    1    1    1  4.28332E+15 0.00093 
   16    1    1    1   16    1    1    1    1    1  2.35436E+15 0.00141 
   17    1    1    1   17    1    1    1    1    1  7.41304E+14 0.00218 
   18    1    1    1   18    1    1    1    1    1  1.39631E+14 0.00431 
   19    1    1    1   19    1    1    1    1    1  7.14245E+13 0.00532 
   20    1    1    1   20    1    1    1    1    1  5.02010E+14 0.00235 
   21    1    1    1   21    1    1    1    1    1  1.97768E+15 0.00133 
   22    1    1    1   22    1    1    1    1    1  4.27647E+15 0.00087 
   23    1    1    1   23    1    1    1    1    1  5.62001E+15 0.00064 
   24    1    1    1   24    1    1    1    1    1  5.04525E+15 0.00077 
   25    1    1    1   25    1    1    1    1    1  2.93735E+15 0.00106 
   26    1    1    1   26    1    1    1    1    1  9.58741E+14 0.00177 
   27    1    1    1   27    1    1    1    1    1  1.77909E+14 0.00344 
   28    1    1    1   28    1    1    1    1    1  7.09501E+13 0.00517 
   29    1    1    1   29    1    1    1    1    1  4.96795E+14 0.00232 
   30    1    1    1   30    1    1    1    1    1  1.90655E+15 0.00126 
   31    1    1    1   31    1    1    1    1    1  3.90822E+15 0.00089 
   32    1    1    1   32    1    1    1    1    1  4.97025E+15 0.00061 
   33    1    1    1   33    1    1    1    1    1  4.52278E+15 0.00073 
   34    1    1    1   34    1    1    1    1    1  2.75839E+15 0.00103 
   35    1    1    1   35    1    1    1    1    1  9.38865E+14 0.00165 
   36    1    1    1   36    1    1    1    1    1  1.76371E+14 0.00340 
   37    1    1    1   37    1    1    1    1    1  5.80326E+13 0.00533 
   38    1    1    1   38    1    1    1    1    1  3.98730E+14 0.00240 
   39    1    1    1   39    1    1    1    1    1  1.48973E+15 0.00136 
   40    1    1    1   40    1    1    1    1    1  2.99319E+15 0.00092 
   41    1    1    1   41    1    1    1    1    1  3.78214E+15 0.00073 
   42    1    1    1   42    1    1    1    1    1  3.44393E+15 0.00079 
   43    1    1    1   43    1    1    1    1    1  2.13083E+15 0.00112 
   44    1    1    1   44    1    1    1    1    1  7.43936E+14 0.00179 
   45    1    1    1   45    1    1    1    1    1  1.42736E+14 0.00362 
   46    1    1    1   46    1    1    1    1    1  4.00717E+13 0.00620 
   47    1    1    1   47    1    1    1    1    1  2.64475E+14 0.00263 
   48    1    1    1   48    1    1    1    1    1  9.60940E+14 0.00156 
   49    1    1    1   49    1    1    1    1    1  1.98880E+15 0.00108 
   50    1    1    1   50    1    1    1    1    1  2.59481E+15 0.00085 
   51    1    1    1   51    1    1    1    1    1  2.32900E+15 0.00096 
   52    1    1    1   52    1    1    1    1    1  1.38820E+15 0.00132 
   53    1    1    1   53    1    1    1    1    1  4.84566E+14 0.00210 
   54    1    1    1   54    1    1    1    1    1  9.80918E+13 0.00425 
   55    1    1    1   55    1    1    1    1    1  2.51567E+13 0.00712 
   56    1    1    1   56    1    1    1    1    1  1.57730E+14 0.00325 
   57    1    1    1   57    1    1    1    1    1  5.61938E+14 0.00185 
   58    1    1    1   58    1    1    1    1    1  1.19696E+15 0.00130 
   59    1    1    1   59    1    1    1    1    1  1.60673E+15 0.00112 
   60    1    1    1   60    1    1    1    1    1  1.42286E+15 0.00117 
   61    1    1    1   61    1    1    1    1    1  8.20543E+14 0.00159 
   62    1    1    1   62    1    1    1    1    1  2.84927E+14 0.00248 
   63    1    1    1   63    1    1    1    1    1  6.05468E+13 0.00499 
   64    1    1    1   64    1    1    1    1    1  1.49271E+13 0.00878 
   65    1    1    1   65    1    1    1    1    1  8.80271E+13 0.00422 
   66    1    1    1   66    1    1    1    1    1  3.07787E+14 0.00234 
   67    1    1    1   67    1    1    1    1    1  6.58843E+14 0.00158 
   68    1    1    1   68    1    1    1    1    1  8.91484E+14 0.00146 
   69    1    1    1   69    1    1    1    1    1  7.84749E+14 0.00152 
   70    1    1    1   70    1    1    1    1    1  4.48580E+14 0.00189 
   71    1    1    1   71    1    1    1    1    1  1.58568E+14 0.00312 
   72    1    1    1   72    1    1    1    1    1  3.57568E+13 0.00639 
   73    1    1    1   73    1    1    1    1    1  8.48835E+12 0.01190 
   74    1    1    1   74    1    1    1    1    1  4.81202E+13 0.00542 
   75    1    1    1   75    1    1    1    1    1  1.62139E+14 0.00300 
   76    1    1    1   76    1    1    1    1    1  3.43782E+14 0.00212 
   77    1    1    1   77    1    1    1    1    1  4.67548E+14 0.00190 
   78    1    1    1   78    1    1    1    1    1  4.11378E+14 0.00200 
   79    1    1    1   79    1    1    1    1    1  2.35218E+14 0.00241 
   80    1    1    1   80    1    1    1    1    1  8.53195E+13 0.00400 
   81    1    1    1   81    1    1    1    1    1  2.07147E+13 0.00761 
   82    1    1    1   82    1    1    1    1    1  4.80534E+12 0.01594 
   83    1    1    1   83    1    1    1    1    1  2.57867E+13 0.00722 
   84    1    1    1   84    1    1    1    1    1  8.36996E+13 0.00398 
   85    1    1    1   85    1    1    1    1    1  1.75408E+14 0.00286 
   86    1    1    1   86    1    1    1    1    1  2.38012E+14 0.00254 
   87    1    1    1   87    1    1    1    1    1  2.10140E+14 0.00261 
   88    1    1    1   88    1    1    1    1    1  1.20918E+14 0.00316 
   89    1    1    1   89    1    1    1    1    1  4.50603E+13 0.00541 
   90    1    1    1   90    1    1    1    1    1  1.16763E+13 0.01032 
   91    1    1    1   91    1    1    1    1    1  2.66303E+12 0.02032 
   92    1    1    1   92    1    1    1    1    1  1.38598E+13 0.00936 
   93    1    1    1   93    1    1    1    1    1  4.32160E+13 0.00497 
   94    1    1    1   94    1    1    1    1    1  8.85913E+13 0.00385 
   95    1    1    1   95    1    1    1    1    1  1.19859E+14 0.00343 
   96    1    1    1   96    1    1    1    1    1  1.06358E+14 0.00347 
   97    1    1    1   97    1    1    1    1    1  6.16650E+13 0.00431 
   98    1    1    1   98    1    1    1    1    1  2.36508E+13 0.00703 
   99    1    1    1   99    1    1    1    1    1  6.57522E+12 0.01280 
  100    1    1    1  100    1    1    1    1    1  1.55601E+12 0.02551 
  101    1    1    1  101    1    1    1    1    1  7.53723E+12 0.01187 
  102    1    1    1  102    1    1    1    1    1  2.25512E+13 0.00697 
  103    1    1    1  103    1    1    1    1    1  4.49928E+13 0.00514 
  104    1    1    1  104    1    1    1    1    1  6.08610E+13 0.00434 
  105    1    1    1  105    1    1    1    1    1  5.38643E+13 0.00479 
  106    1    1    1  106    1    1    1    1    1  3.18678E+13 0.00580 
  107    1    1    1  107    1    1    1    1    1  1.26921E+13 0.00930 
  108    1    1    1  108    1    1    1    1    1  4.08815E+12 0.01576 
];

