
DETflux = [
    1    1    1    1    1    1    1    1    1    1  3.21439E+13 0.00880 
    2    1    1    1    2    1    1    1    1    1  2.04177E+14 0.00391 
    3    1    1    1    3    1    1    1    1    1  7.88416E+14 0.00218 
    4    1    1    1    4    1    1    1    1    1  1.84397E+15 0.00155 
    5    1    1    1    5    1    1    1    1    1  2.61145E+15 0.00135 
    6    1    1    1    6    1    1    1    1    1  2.26422E+15 0.00146 
    7    1    1    1    7    1    1    1    1    1  1.20515E+15 0.00194 
    8    1    1    1    8    1    1    1    1    1  3.85066E+14 0.00302 
    9    1    1    1    9    1    1    1    1    1  7.92168E+13 0.00586 
   10    1    1    1   10    1    1    1    1    1  6.21690E+13 0.00585 
   11    1    1    1   11    1    1    1    1    1  4.23098E+14 0.00267 
   12    1    1    1   12    1    1    1    1    1  1.64226E+15 0.00151 
   13    1    1    1   13    1    1    1    1    1  3.64070E+15 0.00099 
   14    1    1    1   14    1    1    1    1    1  4.88505E+15 0.00084 
   15    1    1    1   15    1    1    1    1    1  4.32580E+15 0.00089 
   16    1    1    1   16    1    1    1    1    1  2.45140E+15 0.00120 
   17    1    1    1   17    1    1    1    1    1  7.97464E+14 0.00197 
   18    1    1    1   18    1    1    1    1    1  1.53366E+14 0.00397 
   19    1    1    1   19    1    1    1    1    1  7.76860E+13 0.00500 
   20    1    1    1   20    1    1    1    1    1  5.30029E+14 0.00236 
   21    1    1    1   21    1    1    1    1    1  2.00333E+15 0.00131 
   22    1    1    1   22    1    1    1    1    1  4.14664E+15 0.00087 
   23    1    1    1   23    1    1    1    1    1  5.31794E+15 0.00067 
   24    1    1    1   24    1    1    1    1    1  4.80585E+15 0.00075 
   25    1    1    1   25    1    1    1    1    1  2.90461E+15 0.00106 
   26    1    1    1   26    1    1    1    1    1  9.92274E+14 0.00171 
   27    1    1    1   27    1    1    1    1    1  1.90121E+14 0.00356 
   28    1    1    1   28    1    1    1    1    1  7.49822E+13 0.00462 
   29    1    1    1   29    1    1    1    1    1  5.13625E+14 0.00226 
   30    1    1    1   30    1    1    1    1    1  1.87838E+15 0.00131 
   31    1    1    1   31    1    1    1    1    1  3.67397E+15 0.00092 
   32    1    1    1   32    1    1    1    1    1  4.56366E+15 0.00069 
   33    1    1    1   33    1    1    1    1    1  4.19134E+15 0.00074 
   34    1    1    1   34    1    1    1    1    1  2.66533E+15 0.00102 
   35    1    1    1   35    1    1    1    1    1  9.52660E+14 0.00164 
   36    1    1    1   36    1    1    1    1    1  1.84721E+14 0.00334 
   37    1    1    1   37    1    1    1    1    1  6.10452E+13 0.00503 
   38    1    1    1   38    1    1    1    1    1  4.07817E+14 0.00224 
   39    1    1    1   39    1    1    1    1    1  1.45513E+15 0.00139 
   40    1    1    1   40    1    1    1    1    1  2.80122E+15 0.00099 
   41    1    1    1   41    1    1    1    1    1  3.46542E+15 0.00077 
   42    1    1    1   42    1    1    1    1    1  3.18126E+15 0.00087 
   43    1    1    1   43    1    1    1    1    1  2.04607E+15 0.00109 
   44    1    1    1   44    1    1    1    1    1  7.48112E+14 0.00186 
   45    1    1    1   45    1    1    1    1    1  1.48359E+14 0.00355 
   46    1    1    1   46    1    1    1    1    1  4.22380E+13 0.00592 
   47    1    1    1   47    1    1    1    1    1  2.70586E+14 0.00268 
   48    1    1    1   48    1    1    1    1    1  9.45835E+14 0.00160 
   49    1    1    1   49    1    1    1    1    1  1.88964E+15 0.00106 
   50    1    1    1   50    1    1    1    1    1  2.42269E+15 0.00094 
   51    1    1    1   51    1    1    1    1    1  2.19003E+15 0.00109 
   52    1    1    1   52    1    1    1    1    1  1.34503E+15 0.00129 
   53    1    1    1   53    1    1    1    1    1  4.87604E+14 0.00209 
   54    1    1    1   54    1    1    1    1    1  1.01028E+14 0.00401 
   55    1    1    1   55    1    1    1    1    1  2.65753E+13 0.00712 
   56    1    1    1   56    1    1    1    1    1  1.61708E+14 0.00326 
   57    1    1    1   57    1    1    1    1    1  5.60022E+14 0.00184 
   58    1    1    1   58    1    1    1    1    1  1.15912E+15 0.00133 
   59    1    1    1   59    1    1    1    1    1  1.53298E+15 0.00118 
   60    1    1    1   60    1    1    1    1    1  1.36755E+15 0.00127 
   61    1    1    1   61    1    1    1    1    1  8.06774E+14 0.00157 
   62    1    1    1   62    1    1    1    1    1  2.88650E+14 0.00239 
   63    1    1    1   63    1    1    1    1    1  6.29075E+13 0.00489 
   64    1    1    1   64    1    1    1    1    1  1.56937E+13 0.00921 
   65    1    1    1   65    1    1    1    1    1  9.12912E+13 0.00404 
   66    1    1    1   66    1    1    1    1    1  3.09642E+14 0.00217 
   67    1    1    1   67    1    1    1    1    1  6.46187E+14 0.00170 
   68    1    1    1   68    1    1    1    1    1  8.68245E+14 0.00149 
   69    1    1    1   69    1    1    1    1    1  7.68167E+14 0.00154 
   70    1    1    1   70    1    1    1    1    1  4.47016E+14 0.00192 
   71    1    1    1   71    1    1    1    1    1  1.61881E+14 0.00303 
   72    1    1    1   72    1    1    1    1    1  3.75460E+13 0.00616 
   73    1    1    1   73    1    1    1    1    1  9.02132E+12 0.01126 
   74    1    1    1   74    1    1    1    1    1  4.99391E+13 0.00509 
   75    1    1    1   75    1    1    1    1    1  1.64162E+14 0.00297 
   76    1    1    1   76    1    1    1    1    1  3.43158E+14 0.00209 
   77    1    1    1   77    1    1    1    1    1  4.64082E+14 0.00194 
   78    1    1    1   78    1    1    1    1    1  4.08951E+14 0.00197 
   79    1    1    1   79    1    1    1    1    1  2.37674E+14 0.00252 
   80    1    1    1   80    1    1    1    1    1  8.75418E+13 0.00385 
   81    1    1    1   81    1    1    1    1    1  2.16556E+13 0.00751 
   82    1    1    1   82    1    1    1    1    1  5.10019E+12 0.01539 
   83    1    1    1   83    1    1    1    1    1  2.67785E+13 0.00671 
   84    1    1    1   84    1    1    1    1    1  8.53181E+13 0.00381 
   85    1    1    1   85    1    1    1    1    1  1.77440E+14 0.00270 
   86    1    1    1   86    1    1    1    1    1  2.40301E+14 0.00240 
   87    1    1    1   87    1    1    1    1    1  2.12841E+14 0.00269 
   88    1    1    1   88    1    1    1    1    1  1.23586E+14 0.00343 
   89    1    1    1   89    1    1    1    1    1  4.64063E+13 0.00531 
   90    1    1    1   90    1    1    1    1    1  1.23520E+13 0.00998 
   91    1    1    1   91    1    1    1    1    1  2.80564E+12 0.02077 
   92    1    1    1   92    1    1    1    1    1  1.42633E+13 0.00875 
   93    1    1    1   93    1    1    1    1    1  4.41963E+13 0.00526 
   94    1    1    1   94    1    1    1    1    1  9.04814E+13 0.00366 
   95    1    1    1   95    1    1    1    1    1  1.22301E+14 0.00320 
   96    1    1    1   96    1    1    1    1    1  1.07888E+14 0.00354 
   97    1    1    1   97    1    1    1    1    1  6.37511E+13 0.00461 
   98    1    1    1   98    1    1    1    1    1  2.43883E+13 0.00678 
   99    1    1    1   99    1    1    1    1    1  7.15319E+12 0.01262 
  100    1    1    1  100    1    1    1    1    1  1.65107E+12 0.02497 
  101    1    1    1  101    1    1    1    1    1  7.88687E+12 0.01182 
  102    1    1    1  102    1    1    1    1    1  2.34363E+13 0.00703 
  103    1    1    1  103    1    1    1    1    1  4.69753E+13 0.00495 
  104    1    1    1  104    1    1    1    1    1  6.25963E+13 0.00417 
  105    1    1    1  105    1    1    1    1    1  5.53347E+13 0.00455 
  106    1    1    1  106    1    1    1    1    1  3.33244E+13 0.00617 
  107    1    1    1  107    1    1    1    1    1  1.31187E+13 0.00936 
  108    1    1    1  108    1    1    1    1    1  4.35117E+12 0.01562 
];

