
DETtritium = [
    1    1    1    1    1    1    1    1    1    1  3.75643E+13 0.00919 
    2    1    1    1    2    1    1    1    1    1  2.32934E+14 0.00401 
    3    1    1    1    3    1    1    1    1    1  9.23785E+14 0.00215 
    4    1    1    1    4    1    1    1    1    1  2.80774E+15 0.00161 
    5    1    1    1    5    1    1    1    1    1  5.44927E+15 0.00133 
    6    1    1    1    6    1    1    1    1    1  6.44438E+15 0.00145 
    7    1    1    1    7    1    1    1    1    1  4.42322E+15 0.00189 
    8    1    1    1    8    1    1    1    1    1  1.58003E+15 0.00311 
    9    1    1    1    9    1    1    1    1    1  4.10747E+14 0.00914 
   10    1    1    1   10    1    1    1    1    1  6.67224E+13 0.00631 
   11    1    1    1   11    1    1    1    1    1  4.23762E+14 0.00271 
   12    1    1    1   12    1    1    1    1    1  1.65712E+15 0.00153 
   13    1    1    1   13    1    1    1    1    1  4.70434E+15 0.00107 
   14    1    1    1   14    1    1    1    1    1  8.60519E+15 0.00086 
   15    1    1    1   15    1    1    1    1    1  1.04443E+16 0.00086 
   16    1    1    1   16    1    1    1    1    1  7.71808E+15 0.00124 
   17    1    1    1   17    1    1    1    1    1  2.87479E+15 0.00205 
   18    1    1    1   18    1    1    1    1    1  6.65899E+14 0.00520 
   19    1    1    1   19    1    1    1    1    1  7.89710E+13 0.00520 
   20    1    1    1   20    1    1    1    1    1  5.02823E+14 0.00238 
   21    1    1    1   21    1    1    1    1    1  1.90082E+15 0.00136 
   22    1    1    1   22    1    1    1    1    1  5.05741E+15 0.00096 
   23    1    1    1   23    1    1    1    1    1  8.87270E+15 0.00073 
   24    1    1    1   24    1    1    1    1    1  1.09801E+16 0.00078 
   25    1    1    1   25    1    1    1    1    1  8.64338E+15 0.00109 
   26    1    1    1   26    1    1    1    1    1  3.36550E+15 0.00179 
   27    1    1    1   27    1    1    1    1    1  7.73795E+14 0.00431 
   28    1    1    1   28    1    1    1    1    1  7.53443E+13 0.00525 
   29    1    1    1   29    1    1    1    1    1  4.72315E+14 0.00231 
   30    1    1    1   30    1    1    1    1    1  1.72317E+15 0.00138 
   31    1    1    1   31    1    1    1    1    1  4.36698E+15 0.00092 
   32    1    1    1   32    1    1    1    1    1  7.47331E+15 0.00079 
   33    1    1    1   33    1    1    1    1    1  9.35886E+15 0.00083 
   34    1    1    1   34    1    1    1    1    1  7.68861E+15 0.00115 
   35    1    1    1   35    1    1    1    1    1  3.11662E+15 0.00185 
   36    1    1    1   36    1    1    1    1    1  7.21476E+14 0.00418 
   37    1    1    1   37    1    1    1    1    1  6.05885E+13 0.00585 
   38    1    1    1   38    1    1    1    1    1  3.68975E+14 0.00251 
   39    1    1    1   39    1    1    1    1    1  1.32121E+15 0.00154 
   40    1    1    1   40    1    1    1    1    1  3.31116E+15 0.00107 
   41    1    1    1   41    1    1    1    1    1  5.65939E+15 0.00087 
   42    1    1    1   42    1    1    1    1    1  7.09470E+15 0.00096 
   43    1    1    1   43    1    1    1    1    1  5.86351E+15 0.00129 
   44    1    1    1   44    1    1    1    1    1  2.41947E+15 0.00196 
   45    1    1    1   45    1    1    1    1    1  5.81154E+14 0.00462 
   46    1    1    1   46    1    1    1    1    1  4.29492E+13 0.00679 
   47    1    1    1   47    1    1    1    1    1  2.50574E+14 0.00301 
   48    1    1    1   48    1    1    1    1    1  8.89732E+14 0.00170 
   49    1    1    1   49    1    1    1    1    1  2.28435E+15 0.00128 
   50    1    1    1   50    1    1    1    1    1  3.99281E+15 0.00103 
   51    1    1    1   51    1    1    1    1    1  4.96612E+15 0.00115 
   52    1    1    1   52    1    1    1    1    1  3.97960E+15 0.00153 
   53    1    1    1   53    1    1    1    1    1  1.63693E+15 0.00221 
   54    1    1    1   54    1    1    1    1    1  4.16334E+14 0.00590 
   55    1    1    1   55    1    1    1    1    1  2.73366E+13 0.00848 
   56    1    1    1   56    1    1    1    1    1  1.54678E+14 0.00356 
   57    1    1    1   57    1    1    1    1    1  5.46817E+14 0.00212 
   58    1    1    1   58    1    1    1    1    1  1.45114E+15 0.00149 
   59    1    1    1   59    1    1    1    1    1  2.61019E+15 0.00133 
   60    1    1    1   60    1    1    1    1    1  3.19279E+15 0.00133 
   61    1    1    1   61    1    1    1    1    1  2.46784E+15 0.00173 
   62    1    1    1   62    1    1    1    1    1  1.01021E+15 0.00263 
   63    1    1    1   63    1    1    1    1    1  2.79248E+14 0.00756 
   64    1    1    1   64    1    1    1    1    1  1.66272E+13 0.01050 
   65    1    1    1   65    1    1    1    1    1  8.99259E+13 0.00475 
   66    1    1    1   66    1    1    1    1    1  3.15889E+14 0.00258 
   67    1    1    1   67    1    1    1    1    1  8.54514E+14 0.00186 
   68    1    1    1   68    1    1    1    1    1  1.56046E+15 0.00168 
   69    1    1    1   69    1    1    1    1    1  1.89345E+15 0.00168 
   70    1    1    1   70    1    1    1    1    1  1.43556E+15 0.00219 
   71    1    1    1   71    1    1    1    1    1  5.89222E+14 0.00345 
   72    1    1    1   72    1    1    1    1    1  1.80294E+14 0.01002 
   73    1    1    1   73    1    1    1    1    1  9.45667E+12 0.01284 
   74    1    1    1   74    1    1    1    1    1  5.08874E+13 0.00613 
   75    1    1    1   75    1    1    1    1    1  1.74401E+14 0.00347 
   76    1    1    1   76    1    1    1    1    1  4.75573E+14 0.00237 
   77    1    1    1   77    1    1    1    1    1  8.75683E+14 0.00217 
   78    1    1    1   78    1    1    1    1    1  1.06445E+15 0.00227 
   79    1    1    1   79    1    1    1    1    1  8.01537E+14 0.00282 
   80    1    1    1   80    1    1    1    1    1  3.32266E+14 0.00456 
   81    1    1    1   81    1    1    1    1    1  1.18753E+14 0.01538 
   82    1    1    1   82    1    1    1    1    1  5.64644E+12 0.01997 
   83    1    1    1   83    1    1    1    1    1  2.85081E+13 0.00820 
   84    1    1    1   84    1    1    1    1    1  9.49848E+13 0.00441 
   85    1    1    1   85    1    1    1    1    1  2.58124E+14 0.00312 
   86    1    1    1   86    1    1    1    1    1  4.76666E+14 0.00287 
   87    1    1    1   87    1    1    1    1    1  5.75975E+14 0.00300 
   88    1    1    1   88    1    1    1    1    1  4.33043E+14 0.00370 
   89    1    1    1   89    1    1    1    1    1  1.81786E+14 0.00603 
   90    1    1    1   90    1    1    1    1    1  7.90707E+13 0.02066 
   91    1    1    1   91    1    1    1    1    1  3.34987E+12 0.02350 
   92    1    1    1   92    1    1    1    1    1  1.59799E+13 0.01046 
   93    1    1    1   93    1    1    1    1    1  5.21298E+13 0.00610 
   94    1    1    1   94    1    1    1    1    1  1.39373E+14 0.00443 
   95    1    1    1   95    1    1    1    1    1  2.57408E+14 0.00414 
   96    1    1    1   96    1    1    1    1    1  3.12675E+14 0.00418 
   97    1    1    1   97    1    1    1    1    1  2.36703E+14 0.00539 
   98    1    1    1   98    1    1    1    1    1  1.01883E+14 0.00913 
   99    1    1    1   99    1    1    1    1    1  5.38921E+13 0.02537 
  100    1    1    1  100    1    1    1    1    1  2.51942E+12 0.04522 
  101    1    1    1  101    1    1    1    1    1  1.07664E+13 0.01807 
  102    1    1    1  102    1    1    1    1    1  3.31437E+13 0.00980 
  103    1    1    1  103    1    1    1    1    1  8.51609E+13 0.00736 
  104    1    1    1  104    1    1    1    1    1  1.55647E+14 0.00621 
  105    1    1    1  105    1    1    1    1    1  1.90108E+14 0.00659 
  106    1    1    1  106    1    1    1    1    1  1.47441E+14 0.00901 
  107    1    1    1  107    1    1    1    1    1  6.62041E+13 0.01472 
  108    1    1    1  108    1    1    1    1    1  4.46174E+13 0.03315 
];

