
DETflux = [
    1    1    1    1    1    1    1    1    1    1  3.94719E+13 0.00841 
    2    1    1    1    2    1    1    1    1    1  2.48676E+14 0.00369 
    3    1    1    1    3    1    1    1    1    1  9.42415E+14 0.00204 
    4    1    1    1    4    1    1    1    1    1  2.17189E+15 0.00143 
    5    1    1    1    5    1    1    1    1    1  3.05432E+15 0.00129 
    6    1    1    1    6    1    1    1    1    1  2.65861E+15 0.00135 
    7    1    1    1    7    1    1    1    1    1  1.42405E+15 0.00184 
    8    1    1    1    8    1    1    1    1    1  4.61292E+14 0.00282 
    9    1    1    1    9    1    1    1    1    1  9.64175E+13 0.00535 
   10    1    1    1   10    1    1    1    1    1  7.17927E+13 0.00542 
   11    1    1    1   11    1    1    1    1    1  4.72506E+14 0.00253 
   12    1    1    1   12    1    1    1    1    1  1.76293E+15 0.00143 
   13    1    1    1   13    1    1    1    1    1  3.74936E+15 0.00091 
   14    1    1    1   14    1    1    1    1    1  4.91718E+15 0.00077 
   15    1    1    1   15    1    1    1    1    1  4.40246E+15 0.00089 
   16    1    1    1   16    1    1    1    1    1  2.57633E+15 0.00121 
   17    1    1    1   17    1    1    1    1    1  8.73616E+14 0.00193 
   18    1    1    1   18    1    1    1    1    1  1.73869E+14 0.00382 
   19    1    1    1   19    1    1    1    1    1  8.67793E+13 0.00482 
   20    1    1    1   20    1    1    1    1    1  5.71430E+14 0.00223 
   21    1    1    1   21    1    1    1    1    1  2.05418E+15 0.00131 
   22    1    1    1   22    1    1    1    1    1  4.05136E+15 0.00089 
   23    1    1    1   23    1    1    1    1    1  5.05513E+15 0.00070 
   24    1    1    1   24    1    1    1    1    1  4.61784E+15 0.00077 
   25    1    1    1   25    1    1    1    1    1  2.91107E+15 0.00103 
   26    1    1    1   26    1    1    1    1    1  1.04312E+15 0.00180 
   27    1    1    1   27    1    1    1    1    1  2.09628E+14 0.00344 
   28    1    1    1   28    1    1    1    1    1  8.23605E+13 0.00458 
   29    1    1    1   29    1    1    1    1    1  5.41990E+14 0.00223 
   30    1    1    1   30    1    1    1    1    1  1.88737E+15 0.00140 
   31    1    1    1   31    1    1    1    1    1  3.51159E+15 0.00091 
   32    1    1    1   32    1    1    1    1    1  4.24835E+15 0.00071 
   33    1    1    1   33    1    1    1    1    1  3.92954E+15 0.00078 
   34    1    1    1   34    1    1    1    1    1  2.60329E+15 0.00110 
   35    1    1    1   35    1    1    1    1    1  9.79547E+14 0.00168 
   36    1    1    1   36    1    1    1    1    1  2.00418E+14 0.00325 
   37    1    1    1   37    1    1    1    1    1  6.63940E+13 0.00525 
   38    1    1    1   38    1    1    1    1    1  4.25919E+14 0.00241 
   39    1    1    1   39    1    1    1    1    1  1.45145E+15 0.00145 
   40    1    1    1   40    1    1    1    1    1  2.67211E+15 0.00099 
   41    1    1    1   41    1    1    1    1    1  3.23321E+15 0.00081 
   42    1    1    1   42    1    1    1    1    1  2.98650E+15 0.00088 
   43    1    1    1   43    1    1    1    1    1  1.99289E+15 0.00112 
   44    1    1    1   44    1    1    1    1    1  7.63280E+14 0.00189 
   45    1    1    1   45    1    1    1    1    1  1.58944E+14 0.00358 
   46    1    1    1   46    1    1    1    1    1  4.59167E+13 0.00585 
   47    1    1    1   47    1    1    1    1    1  2.80862E+14 0.00265 
   48    1    1    1   48    1    1    1    1    1  9.48719E+14 0.00161 
   49    1    1    1   49    1    1    1    1    1  1.83483E+15 0.00118 
   50    1    1    1   50    1    1    1    1    1  2.30344E+15 0.00094 
   51    1    1    1   51    1    1    1    1    1  2.09222E+15 0.00104 
   52    1    1    1   52    1    1    1    1    1  1.32758E+15 0.00132 
   53    1    1    1   53    1    1    1    1    1  4.98061E+14 0.00213 
   54    1    1    1   54    1    1    1    1    1  1.07854E+14 0.00391 
   55    1    1    1   55    1    1    1    1    1  2.86956E+13 0.00715 
   56    1    1    1   56    1    1    1    1    1  1.69310E+14 0.00310 
   57    1    1    1   57    1    1    1    1    1  5.68360E+14 0.00196 
   58    1    1    1   58    1    1    1    1    1  1.14834E+15 0.00130 
   59    1    1    1   59    1    1    1    1    1  1.49048E+15 0.00120 
   60    1    1    1   60    1    1    1    1    1  1.33321E+15 0.00125 
   61    1    1    1   61    1    1    1    1    1  8.08412E+14 0.00166 
   62    1    1    1   62    1    1    1    1    1  2.99411E+14 0.00249 
   63    1    1    1   63    1    1    1    1    1  6.74620E+13 0.00471 
   64    1    1    1   64    1    1    1    1    1  1.71467E+13 0.00863 
   65    1    1    1   65    1    1    1    1    1  9.61988E+13 0.00388 
   66    1    1    1   66    1    1    1    1    1  3.17526E+14 0.00233 
   67    1    1    1   67    1    1    1    1    1  6.51725E+14 0.00168 
   68    1    1    1   68    1    1    1    1    1  8.63185E+14 0.00143 
   69    1    1    1   69    1    1    1    1    1  7.66216E+14 0.00157 
   70    1    1    1   70    1    1    1    1    1  4.55383E+14 0.00210 
   71    1    1    1   71    1    1    1    1    1  1.68977E+14 0.00325 
   72    1    1    1   72    1    1    1    1    1  4.01747E+13 0.00585 
   73    1    1    1   73    1    1    1    1    1  9.83575E+12 0.01076 
   74    1    1    1   74    1    1    1    1    1  5.29610E+13 0.00521 
   75    1    1    1   75    1    1    1    1    1  1.71590E+14 0.00305 
   76    1    1    1   76    1    1    1    1    1  3.53081E+14 0.00210 
   77    1    1    1   77    1    1    1    1    1  4.70836E+14 0.00181 
   78    1    1    1   78    1    1    1    1    1  4.17513E+14 0.00200 
   79    1    1    1   79    1    1    1    1    1  2.46095E+14 0.00264 
   80    1    1    1   80    1    1    1    1    1  9.28344E+13 0.00402 
   81    1    1    1   81    1    1    1    1    1  2.34619E+13 0.00718 
   82    1    1    1   82    1    1    1    1    1  5.43967E+12 0.01405 
   83    1    1    1   83    1    1    1    1    1  2.86343E+13 0.00671 
   84    1    1    1   84    1    1    1    1    1  9.08247E+13 0.00388 
   85    1    1    1   85    1    1    1    1    1  1.85601E+14 0.00273 
   86    1    1    1   86    1    1    1    1    1  2.47628E+14 0.00234 
   87    1    1    1   87    1    1    1    1    1  2.19963E+14 0.00260 
   88    1    1    1   88    1    1    1    1    1  1.29900E+14 0.00336 
   89    1    1    1   89    1    1    1    1    1  4.98155E+13 0.00513 
   90    1    1    1   90    1    1    1    1    1  1.33955E+13 0.00927 
   91    1    1    1   91    1    1    1    1    1  3.17014E+12 0.01902 
   92    1    1    1   92    1    1    1    1    1  1.53664E+13 0.00838 
   93    1    1    1   93    1    1    1    1    1  4.75290E+13 0.00509 
   94    1    1    1   94    1    1    1    1    1  9.56931E+13 0.00361 
   95    1    1    1   95    1    1    1    1    1  1.27592E+14 0.00322 
   96    1    1    1   96    1    1    1    1    1  1.13059E+14 0.00338 
   97    1    1    1   97    1    1    1    1    1  6.73954E+13 0.00431 
   98    1    1    1   98    1    1    1    1    1  2.67024E+13 0.00666 
   99    1    1    1   99    1    1    1    1    1  7.81145E+12 0.01167 
  100    1    1    1  100    1    1    1    1    1  1.82427E+12 0.02478 
  101    1    1    1  101    1    1    1    1    1  8.56153E+12 0.01131 
  102    1    1    1  102    1    1    1    1    1  2.52135E+13 0.00657 
  103    1    1    1  103    1    1    1    1    1  4.97128E+13 0.00478 
  104    1    1    1  104    1    1    1    1    1  6.56676E+13 0.00421 
  105    1    1    1  105    1    1    1    1    1  5.86372E+13 0.00433 
  106    1    1    1  106    1    1    1    1    1  3.52452E+13 0.00553 
  107    1    1    1  107    1    1    1    1    1  1.43064E+13 0.00903 
  108    1    1    1  108    1    1    1    1    1  4.86316E+12 0.01452 
];

