
DETflux = [
    1    1    1    1    1    1    1    1    1    1  3.77964E+13 0.00842 
    2    1    1    1    2    1    1    1    1    1  2.42807E+14 0.00374 
    3    1    1    1    3    1    1    1    1    1  9.23966E+14 0.00206 
    4    1    1    1    4    1    1    1    1    1  2.14082E+15 0.00146 
    5    1    1    1    5    1    1    1    1    1  2.99918E+15 0.00118 
    6    1    1    1    6    1    1    1    1    1  2.61905E+15 0.00130 
    7    1    1    1    7    1    1    1    1    1  1.40688E+15 0.00172 
    8    1    1    1    8    1    1    1    1    1  4.52331E+14 0.00295 
    9    1    1    1    9    1    1    1    1    1  9.21255E+13 0.00552 
   10    1    1    1   10    1    1    1    1    1  6.97510E+13 0.00560 
   11    1    1    1   11    1    1    1    1    1  4.63832E+14 0.00256 
   12    1    1    1   12    1    1    1    1    1  1.74153E+15 0.00146 
   13    1    1    1   13    1    1    1    1    1  3.70001E+15 0.00100 
   14    1    1    1   14    1    1    1    1    1  4.85339E+15 0.00078 
   15    1    1    1   15    1    1    1    1    1  4.35884E+15 0.00082 
   16    1    1    1   16    1    1    1    1    1  2.55438E+15 0.00122 
   17    1    1    1   17    1    1    1    1    1  8.62521E+14 0.00196 
   18    1    1    1   18    1    1    1    1    1  1.69250E+14 0.00385 
   19    1    1    1   19    1    1    1    1    1  8.35165E+13 0.00510 
   20    1    1    1   20    1    1    1    1    1  5.57074E+14 0.00222 
   21    1    1    1   21    1    1    1    1    1  2.02323E+15 0.00128 
   22    1    1    1   22    1    1    1    1    1  3.99640E+15 0.00089 
   23    1    1    1   23    1    1    1    1    1  4.99417E+15 0.00072 
   24    1    1    1   24    1    1    1    1    1  4.57448E+15 0.00072 
   25    1    1    1   25    1    1    1    1    1  2.87881E+15 0.00105 
   26    1    1    1   26    1    1    1    1    1  1.02999E+15 0.00178 
   27    1    1    1   27    1    1    1    1    1  2.02941E+14 0.00324 
   28    1    1    1   28    1    1    1    1    1  7.97770E+13 0.00486 
   29    1    1    1   29    1    1    1    1    1  5.26302E+14 0.00211 
   30    1    1    1   30    1    1    1    1    1  1.84839E+15 0.00128 
   31    1    1    1   31    1    1    1    1    1  3.45822E+15 0.00086 
   32    1    1    1   32    1    1    1    1    1  4.20038E+15 0.00070 
   33    1    1    1   33    1    1    1    1    1  3.89084E+15 0.00081 
   34    1    1    1   34    1    1    1    1    1  2.57118E+15 0.00110 
   35    1    1    1   35    1    1    1    1    1  9.61146E+14 0.00181 
   36    1    1    1   36    1    1    1    1    1  1.93986E+14 0.00330 
   37    1    1    1   37    1    1    1    1    1  6.35244E+13 0.00510 
   38    1    1    1   38    1    1    1    1    1  4.11594E+14 0.00240 
   39    1    1    1   39    1    1    1    1    1  1.41893E+15 0.00135 
   40    1    1    1   40    1    1    1    1    1  2.62629E+15 0.00094 
   41    1    1    1   41    1    1    1    1    1  3.18861E+15 0.00082 
   42    1    1    1   42    1    1    1    1    1  2.95254E+15 0.00094 
   43    1    1    1   43    1    1    1    1    1  1.95913E+15 0.00118 
   44    1    1    1   44    1    1    1    1    1  7.46584E+14 0.00184 
   45    1    1    1   45    1    1    1    1    1  1.54013E+14 0.00357 
   46    1    1    1   46    1    1    1    1    1  4.39173E+13 0.00576 
   47    1    1    1   47    1    1    1    1    1  2.71007E+14 0.00265 
   48    1    1    1   48    1    1    1    1    1  9.25853E+14 0.00153 
   49    1    1    1   49    1    1    1    1    1  1.79675E+15 0.00106 
   50    1    1    1   50    1    1    1    1    1  2.26329E+15 0.00101 
   51    1    1    1   51    1    1    1    1    1  2.06105E+15 0.00108 
   52    1    1    1   52    1    1    1    1    1  1.29979E+15 0.00145 
   53    1    1    1   53    1    1    1    1    1  4.87903E+14 0.00219 
   54    1    1    1   54    1    1    1    1    1  1.04579E+14 0.00406 
   55    1    1    1   55    1    1    1    1    1  2.73195E+13 0.00727 
   56    1    1    1   56    1    1    1    1    1  1.63040E+14 0.00322 
   57    1    1    1   57    1    1    1    1    1  5.51991E+14 0.00189 
   58    1    1    1   58    1    1    1    1    1  1.11942E+15 0.00128 
   59    1    1    1   59    1    1    1    1    1  1.45894E+15 0.00120 
   60    1    1    1   60    1    1    1    1    1  1.30718E+15 0.00126 
   61    1    1    1   61    1    1    1    1    1  7.89004E+14 0.00167 
   62    1    1    1   62    1    1    1    1    1  2.90720E+14 0.00257 
   63    1    1    1   63    1    1    1    1    1  6.56487E+13 0.00485 
   64    1    1    1   64    1    1    1    1    1  1.59392E+13 0.00899 
   65    1    1    1   65    1    1    1    1    1  9.27297E+13 0.00397 
   66    1    1    1   66    1    1    1    1    1  3.07641E+14 0.00227 
   67    1    1    1   67    1    1    1    1    1  6.32720E+14 0.00162 
   68    1    1    1   68    1    1    1    1    1  8.39178E+14 0.00142 
   69    1    1    1   69    1    1    1    1    1  7.46648E+14 0.00160 
   70    1    1    1   70    1    1    1    1    1  4.42255E+14 0.00211 
   71    1    1    1   71    1    1    1    1    1  1.63023E+14 0.00303 
   72    1    1    1   72    1    1    1    1    1  3.87470E+13 0.00613 
   73    1    1    1   73    1    1    1    1    1  9.23830E+12 0.01158 
   74    1    1    1   74    1    1    1    1    1  5.07144E+13 0.00520 
   75    1    1    1   75    1    1    1    1    1  1.65339E+14 0.00297 
   76    1    1    1   76    1    1    1    1    1  3.38964E+14 0.00209 
   77    1    1    1   77    1    1    1    1    1  4.54270E+14 0.00179 
   78    1    1    1   78    1    1    1    1    1  4.03555E+14 0.00200 
   79    1    1    1   79    1    1    1    1    1  2.36800E+14 0.00248 
   80    1    1    1   80    1    1    1    1    1  8.80325E+13 0.00396 
   81    1    1    1   81    1    1    1    1    1  2.21471E+13 0.00781 
   82    1    1    1   82    1    1    1    1    1  5.21007E+12 0.01530 
   83    1    1    1   83    1    1    1    1    1  2.76851E+13 0.00677 
   84    1    1    1   84    1    1    1    1    1  8.69018E+13 0.00388 
   85    1    1    1   85    1    1    1    1    1  1.77982E+14 0.00282 
   86    1    1    1   86    1    1    1    1    1  2.38455E+14 0.00241 
   87    1    1    1   87    1    1    1    1    1  2.11705E+14 0.00266 
   88    1    1    1   88    1    1    1    1    1  1.24029E+14 0.00323 
   89    1    1    1   89    1    1    1    1    1  4.69409E+13 0.00533 
   90    1    1    1   90    1    1    1    1    1  1.28341E+13 0.00992 
   91    1    1    1   91    1    1    1    1    1  2.88008E+12 0.01917 
   92    1    1    1   92    1    1    1    1    1  1.46239E+13 0.00891 
   93    1    1    1   93    1    1    1    1    1  4.51558E+13 0.00504 
   94    1    1    1   94    1    1    1    1    1  9.19039E+13 0.00367 
   95    1    1    1   95    1    1    1    1    1  1.22434E+14 0.00327 
   96    1    1    1   96    1    1    1    1    1  1.09373E+14 0.00343 
   97    1    1    1   97    1    1    1    1    1  6.48783E+13 0.00436 
   98    1    1    1   98    1    1    1    1    1  2.48589E+13 0.00693 
   99    1    1    1   99    1    1    1    1    1  7.47641E+12 0.01210 
  100    1    1    1  100    1    1    1    1    1  1.74924E+12 0.02449 
  101    1    1    1  101    1    1    1    1    1  8.03293E+12 0.01196 
  102    1    1    1  102    1    1    1    1    1  2.40768E+13 0.00707 
  103    1    1    1  103    1    1    1    1    1  4.75230E+13 0.00474 
  104    1    1    1  104    1    1    1    1    1  6.29616E+13 0.00443 
  105    1    1    1  105    1    1    1    1    1  5.60200E+13 0.00453 
  106    1    1    1  106    1    1    1    1    1  3.40289E+13 0.00593 
  107    1    1    1  107    1    1    1    1    1  1.36169E+13 0.00894 
  108    1    1    1  108    1    1    1    1    1  4.57716E+12 0.01569 
];

