
DETflux = [
    1    1    1    1    1    1    1    1    1    1  2.48544E+13 0.01050 
    2    1    1    1    2    1    1    1    1    1  1.61606E+14 0.00436 
    3    1    1    1    3    1    1    1    1    1  6.41860E+14 0.00238 
    4    1    1    1    4    1    1    1    1    1  1.53674E+15 0.00162 
    5    1    1    1    5    1    1    1    1    1  2.20577E+15 0.00135 
    6    1    1    1    6    1    1    1    1    1  1.91343E+15 0.00139 
    7    1    1    1    7    1    1    1    1    1  1.00030E+15 0.00195 
    8    1    1    1    8    1    1    1    1    1  3.12638E+14 0.00337 
    9    1    1    1    9    1    1    1    1    1  6.30530E+13 0.00665 
   10    1    1    1   10    1    1    1    1    1  5.18035E+13 0.00658 
   11    1    1    1   11    1    1    1    1    1  3.67472E+14 0.00291 
   12    1    1    1   12    1    1    1    1    1  1.49494E+15 0.00159 
   13    1    1    1   13    1    1    1    1    1  3.47169E+15 0.00105 
   14    1    1    1   14    1    1    1    1    1  4.81012E+15 0.00079 
   15    1    1    1   15    1    1    1    1    1  4.23814E+15 0.00087 
   16    1    1    1   16    1    1    1    1    1  2.30420E+15 0.00126 
   17    1    1    1   17    1    1    1    1    1  7.17606E+14 0.00205 
   18    1    1    1   18    1    1    1    1    1  1.32102E+14 0.00432 
   19    1    1    1   19    1    1    1    1    1  6.73158E+13 0.00546 
   20    1    1    1   20    1    1    1    1    1  4.81991E+14 0.00251 
   21    1    1    1   21    1    1    1    1    1  1.92320E+15 0.00146 
   22    1    1    1   22    1    1    1    1    1  4.20855E+15 0.00091 
   23    1    1    1   23    1    1    1    1    1  5.59057E+15 0.00065 
   24    1    1    1   24    1    1    1    1    1  5.01048E+15 0.00070 
   25    1    1    1   25    1    1    1    1    1  2.88789E+15 0.00103 
   26    1    1    1   26    1    1    1    1    1  9.34254E+14 0.00170 
   27    1    1    1   27    1    1    1    1    1  1.69910E+14 0.00374 
   28    1    1    1   28    1    1    1    1    1  6.70790E+13 0.00528 
   29    1    1    1   29    1    1    1    1    1  4.80492E+14 0.00229 
   30    1    1    1   30    1    1    1    1    1  1.85826E+15 0.00130 
   31    1    1    1   31    1    1    1    1    1  3.85951E+15 0.00085 
   32    1    1    1   32    1    1    1    1    1  4.93754E+15 0.00062 
   33    1    1    1   33    1    1    1    1    1  4.48181E+15 0.00070 
   34    1    1    1   34    1    1    1    1    1  2.71892E+15 0.00104 
   35    1    1    1   35    1    1    1    1    1  9.17376E+14 0.00175 
   36    1    1    1   36    1    1    1    1    1  1.68670E+14 0.00364 
   37    1    1    1   37    1    1    1    1    1  5.52247E+13 0.00586 
   38    1    1    1   38    1    1    1    1    1  3.84975E+14 0.00240 
   39    1    1    1   39    1    1    1    1    1  1.44748E+15 0.00137 
   40    1    1    1   40    1    1    1    1    1  2.94344E+15 0.00092 
   41    1    1    1   41    1    1    1    1    1  3.74153E+15 0.00069 
   42    1    1    1   42    1    1    1    1    1  3.40350E+15 0.00078 
   43    1    1    1   43    1    1    1    1    1  2.09745E+15 0.00113 
   44    1    1    1   44    1    1    1    1    1  7.23713E+14 0.00186 
   45    1    1    1   45    1    1    1    1    1  1.36281E+14 0.00388 
   46    1    1    1   46    1    1    1    1    1  3.78628E+13 0.00650 
   47    1    1    1   47    1    1    1    1    1  2.51336E+14 0.00279 
   48    1    1    1   48    1    1    1    1    1  9.29135E+14 0.00162 
   49    1    1    1   49    1    1    1    1    1  1.94631E+15 0.00105 
   50    1    1    1   50    1    1    1    1    1  2.54992E+15 0.00085 
   51    1    1    1   51    1    1    1    1    1  2.28930E+15 0.00097 
   52    1    1    1   52    1    1    1    1    1  1.36079E+15 0.00137 
   53    1    1    1   53    1    1    1    1    1  4.68407E+14 0.00207 
   54    1    1    1   54    1    1    1    1    1  9.26512E+13 0.00420 
   55    1    1    1   55    1    1    1    1    1  2.36138E+13 0.00750 
   56    1    1    1   56    1    1    1    1    1  1.48996E+14 0.00331 
   57    1    1    1   57    1    1    1    1    1  5.39513E+14 0.00193 
   58    1    1    1   58    1    1    1    1    1  1.16312E+15 0.00130 
   59    1    1    1   59    1    1    1    1    1  1.56851E+15 0.00107 
   60    1    1    1   60    1    1    1    1    1  1.38846E+15 0.00120 
   61    1    1    1   61    1    1    1    1    1  7.97857E+14 0.00163 
   62    1    1    1   62    1    1    1    1    1  2.74073E+14 0.00258 
   63    1    1    1   63    1    1    1    1    1  5.74313E+13 0.00532 
   64    1    1    1   64    1    1    1    1    1  1.37204E+13 0.00986 
   65    1    1    1   65    1    1    1    1    1  8.26406E+13 0.00434 
   66    1    1    1   66    1    1    1    1    1  2.91637E+14 0.00238 
   67    1    1    1   67    1    1    1    1    1  6.33050E+14 0.00165 
   68    1    1    1   68    1    1    1    1    1  8.62448E+14 0.00142 
   69    1    1    1   69    1    1    1    1    1  7.61448E+14 0.00154 
   70    1    1    1   70    1    1    1    1    1  4.32385E+14 0.00205 
   71    1    1    1   71    1    1    1    1    1  1.51277E+14 0.00334 
   72    1    1    1   72    1    1    1    1    1  3.35441E+13 0.00639 
   73    1    1    1   73    1    1    1    1    1  7.80593E+12 0.01214 
   74    1    1    1   74    1    1    1    1    1  4.46792E+13 0.00569 
   75    1    1    1   75    1    1    1    1    1  1.52825E+14 0.00314 
   76    1    1    1   76    1    1    1    1    1  3.29080E+14 0.00218 
   77    1    1    1   77    1    1    1    1    1  4.48762E+14 0.00184 
   78    1    1    1   78    1    1    1    1    1  3.95826E+14 0.00202 
   79    1    1    1   79    1    1    1    1    1  2.24976E+14 0.00263 
   80    1    1    1   80    1    1    1    1    1  8.03447E+13 0.00433 
   81    1    1    1   81    1    1    1    1    1  1.91541E+13 0.00822 
   82    1    1    1   82    1    1    1    1    1  4.23514E+12 0.01570 
   83    1    1    1   83    1    1    1    1    1  2.37243E+13 0.00735 
   84    1    1    1   84    1    1    1    1    1  7.82839E+13 0.00420 
   85    1    1    1   85    1    1    1    1    1  1.66662E+14 0.00286 
   86    1    1    1   86    1    1    1    1    1  2.27332E+14 0.00249 
   87    1    1    1   87    1    1    1    1    1  2.00693E+14 0.00273 
   88    1    1    1   88    1    1    1    1    1  1.14290E+14 0.00346 
   89    1    1    1   89    1    1    1    1    1  4.19192E+13 0.00541 
   90    1    1    1   90    1    1    1    1    1  1.09347E+13 0.01051 
   91    1    1    1   91    1    1    1    1    1  2.35056E+12 0.02032 
   92    1    1    1   92    1    1    1    1    1  1.23549E+13 0.00949 
   93    1    1    1   93    1    1    1    1    1  3.94315E+13 0.00573 
   94    1    1    1   94    1    1    1    1    1  8.31895E+13 0.00391 
   95    1    1    1   95    1    1    1    1    1  1.12821E+14 0.00338 
   96    1    1    1   96    1    1    1    1    1  1.00103E+14 0.00360 
   97    1    1    1   97    1    1    1    1    1  5.76710E+13 0.00470 
   98    1    1    1   98    1    1    1    1    1  2.16751E+13 0.00758 
   99    1    1    1   99    1    1    1    1    1  6.27309E+12 0.01330 
  100    1    1    1  100    1    1    1    1    1  1.33179E+12 0.02832 
  101    1    1    1  101    1    1    1    1    1  6.63354E+12 0.01275 
  102    1    1    1  102    1    1    1    1    1  2.05885E+13 0.00764 
  103    1    1    1  103    1    1    1    1    1  4.21727E+13 0.00534 
  104    1    1    1  104    1    1    1    1    1  5.64524E+13 0.00451 
  105    1    1    1  105    1    1    1    1    1  4.99030E+13 0.00493 
  106    1    1    1  106    1    1    1    1    1  2.97179E+13 0.00643 
  107    1    1    1  107    1    1    1    1    1  1.15558E+13 0.01006 
  108    1    1    1  108    1    1    1    1    1  3.85577E+12 0.01636 
];


