
DETflux = [
    1    1    1    1    1    1    1    1    1    1  2.89401E+13 0.00970 
    2    1    1    1    2    1    1    1    1    1  1.89122E+14 0.00385 
    3    1    1    1    3    1    1    1    1    1  7.46563E+14 0.00230 
    4    1    1    1    4    1    1    1    1    1  1.77555E+15 0.00150 
    5    1    1    1    5    1    1    1    1    1  2.52687E+15 0.00130 
    6    1    1    1    6    1    1    1    1    1  2.18455E+15 0.00151 
    7    1    1    1    7    1    1    1    1    1  1.15035E+15 0.00187 
    8    1    1    1    8    1    1    1    1    1  3.62362E+14 0.00299 
    9    1    1    1    9    1    1    1    1    1  7.23602E+13 0.00601 
   10    1    1    1   10    1    1    1    1    1  5.81085E+13 0.00606 
   11    1    1    1   11    1    1    1    1    1  4.01877E+14 0.00265 
   12    1    1    1   12    1    1    1    1    1  1.58915E+15 0.00155 
   13    1    1    1   13    1    1    1    1    1  3.56425E+15 0.00100 
   14    1    1    1   14    1    1    1    1    1  4.80796E+15 0.00082 
   15    1    1    1   15    1    1    1    1    1  4.26497E+15 0.00086 
   16    1    1    1   16    1    1    1    1    1  2.39624E+15 0.00121 
   17    1    1    1   17    1    1    1    1    1  7.68435E+14 0.00202 
   18    1    1    1   18    1    1    1    1    1  1.44201E+14 0.00412 
   19    1    1    1   19    1    1    1    1    1  7.33252E+13 0.00520 
   20    1    1    1   20    1    1    1    1    1  5.10074E+14 0.00223 
   21    1    1    1   21    1    1    1    1    1  1.95549E+15 0.00133 
   22    1    1    1   22    1    1    1    1    1  4.08891E+15 0.00085 
   23    1    1    1   23    1    1    1    1    1  5.26589E+15 0.00069 
   24    1    1    1   24    1    1    1    1    1  4.76392E+15 0.00071 
   25    1    1    1   25    1    1    1    1    1  2.86304E+15 0.00106 
   26    1    1    1   26    1    1    1    1    1  9.64524E+14 0.00179 
   27    1    1    1   27    1    1    1    1    1  1.80734E+14 0.00360 
   28    1    1    1   28    1    1    1    1    1  7.11677E+13 0.00510 
   29    1    1    1   29    1    1    1    1    1  4.96113E+14 0.00229 
   30    1    1    1   30    1    1    1    1    1  1.84504E+15 0.00134 
   31    1    1    1   31    1    1    1    1    1  3.63959E+15 0.00079 
   32    1    1    1   32    1    1    1    1    1  4.53931E+15 0.00065 
   33    1    1    1   33    1    1    1    1    1  4.16655E+15 0.00072 
   34    1    1    1   34    1    1    1    1    1  2.63183E+15 0.00104 
   35    1    1    1   35    1    1    1    1    1  9.26827E+14 0.00175 
   36    1    1    1   36    1    1    1    1    1  1.76347E+14 0.00350 
   37    1    1    1   37    1    1    1    1    1  5.73241E+13 0.00536 
   38    1    1    1   38    1    1    1    1    1  3.90903E+14 0.00246 
   39    1    1    1   39    1    1    1    1    1  1.42649E+15 0.00139 
   40    1    1    1   40    1    1    1    1    1  2.76819E+15 0.00092 
   41    1    1    1   41    1    1    1    1    1  3.43677E+15 0.00075 
   42    1    1    1   42    1    1    1    1    1  3.15912E+15 0.00081 
   43    1    1    1   43    1    1    1    1    1  2.02090E+15 0.00115 
   44    1    1    1   44    1    1    1    1    1  7.26521E+14 0.00193 
   45    1    1    1   45    1    1    1    1    1  1.41561E+14 0.00364 
   46    1    1    1   46    1    1    1    1    1  3.96368E+13 0.00653 
   47    1    1    1   47    1    1    1    1    1  2.57136E+14 0.00275 
   48    1    1    1   48    1    1    1    1    1  9.20135E+14 0.00160 
   49    1    1    1   49    1    1    1    1    1  1.85846E+15 0.00110 
   50    1    1    1   50    1    1    1    1    1  2.39088E+15 0.00093 
   51    1    1    1   51    1    1    1    1    1  2.16781E+15 0.00097 
   52    1    1    1   52    1    1    1    1    1  1.32436E+15 0.00134 
   53    1    1    1   53    1    1    1    1    1  4.71769E+14 0.00213 
   54    1    1    1   54    1    1    1    1    1  9.63570E+13 0.00422 
   55    1    1    1   55    1    1    1    1    1  2.45421E+13 0.00770 
   56    1    1    1   56    1    1    1    1    1  1.53883E+14 0.00323 
   57    1    1    1   57    1    1    1    1    1  5.41179E+14 0.00195 
   58    1    1    1   58    1    1    1    1    1  1.13268E+15 0.00133 
   59    1    1    1   59    1    1    1    1    1  1.50368E+15 0.00111 
   60    1    1    1   60    1    1    1    1    1  1.34527E+15 0.00122 
   61    1    1    1   61    1    1    1    1    1  7.89369E+14 0.00150 
   62    1    1    1   62    1    1    1    1    1  2.77732E+14 0.00247 
   63    1    1    1   63    1    1    1    1    1  5.94189E+13 0.00519 
   64    1    1    1   64    1    1    1    1    1  1.43478E+13 0.00901 
   65    1    1    1   65    1    1    1    1    1  8.61560E+13 0.00410 
   66    1    1    1   66    1    1    1    1    1  2.95766E+14 0.00231 
   67    1    1    1   67    1    1    1    1    1  6.27007E+14 0.00163 
   68    1    1    1   68    1    1    1    1    1  8.45137E+14 0.00149 
   69    1    1    1   69    1    1    1    1    1  7.51755E+14 0.00158 
   70    1    1    1   70    1    1    1    1    1  4.33396E+14 0.00198 
   71    1    1    1   71    1    1    1    1    1  1.53111E+14 0.00318 
   72    1    1    1   72    1    1    1    1    1  3.45131E+13 0.00644 
   73    1    1    1   73    1    1    1    1    1  8.18510E+12 0.01223 
   74    1    1    1   74    1    1    1    1    1  4.61552E+13 0.00512 
   75    1    1    1   75    1    1    1    1    1  1.56028E+14 0.00316 
   76    1    1    1   76    1    1    1    1    1  3.28286E+14 0.00214 
   77    1    1    1   77    1    1    1    1    1  4.46669E+14 0.00194 
   78    1    1    1   78    1    1    1    1    1  3.95835E+14 0.00204 
   79    1    1    1   79    1    1    1    1    1  2.28078E+14 0.00265 
   80    1    1    1   80    1    1    1    1    1  8.18715E+13 0.00408 
   81    1    1    1   81    1    1    1    1    1  1.95374E+13 0.00773 
   82    1    1    1   82    1    1    1    1    1  4.46153E+12 0.01584 
   83    1    1    1   83    1    1    1    1    1  2.43004E+13 0.00671 
   84    1    1    1   84    1    1    1    1    1  8.05544E+13 0.00419 
   85    1    1    1   85    1    1    1    1    1  1.67982E+14 0.00283 
   86    1    1    1   86    1    1    1    1    1  2.28438E+14 0.00252 
   87    1    1    1   87    1    1    1    1    1  2.02820E+14 0.00279 
   88    1    1    1   88    1    1    1    1    1  1.17538E+14 0.00334 
   89    1    1    1   89    1    1    1    1    1  4.29386E+13 0.00553 
   90    1    1    1   90    1    1    1    1    1  1.11285E+13 0.00984 
   91    1    1    1   91    1    1    1    1    1  2.49992E+12 0.02006 
   92    1    1    1   92    1    1    1    1    1  1.29279E+13 0.00963 
   93    1    1    1   93    1    1    1    1    1  4.13985E+13 0.00551 
   94    1    1    1   94    1    1    1    1    1  8.51610E+13 0.00381 
   95    1    1    1   95    1    1    1    1    1  1.15619E+14 0.00330 
   96    1    1    1   96    1    1    1    1    1  1.01982E+14 0.00366 
   97    1    1    1   97    1    1    1    1    1  6.00599E+13 0.00453 
   98    1    1    1   98    1    1    1    1    1  2.26047E+13 0.00713 
   99    1    1    1   99    1    1    1    1    1  6.49580E+12 0.01305 
  100    1    1    1  100    1    1    1    1    1  1.45665E+12 0.02555 
  101    1    1    1  101    1    1    1    1    1  7.13673E+12 0.01241 
  102    1    1    1  102    1    1    1    1    1  2.14821E+13 0.00753 
  103    1    1    1  103    1    1    1    1    1  4.34587E+13 0.00529 
  104    1    1    1  104    1    1    1    1    1  5.84869E+13 0.00454 
  105    1    1    1  105    1    1    1    1    1  5.18800E+13 0.00473 
  106    1    1    1  106    1    1    1    1    1  3.13750E+13 0.00599 
  107    1    1    1  107    1    1    1    1    1  1.19176E+13 0.00947 
  108    1    1    1  108    1    1    1    1    1  3.97911E+12 0.01597 
];


