
DETflux = [
    1    1    1    1    1    1    1    1    1    1  2.47810E+13 0.00986 
    2    1    1    1    2    1    1    1    1    1  1.63600E+14 0.00432 
    3    1    1    1    3    1    1    1    1    1  6.42925E+14 0.00236 
    4    1    1    1    4    1    1    1    1    1  1.53355E+15 0.00162 
    5    1    1    1    5    1    1    1    1    1  2.19190E+15 0.00139 
    6    1    1    1    6    1    1    1    1    1  1.89618E+15 0.00149 
    7    1    1    1    7    1    1    1    1    1  9.91971E+14 0.00210 
    8    1    1    1    8    1    1    1    1    1  3.09398E+14 0.00327 
    9    1    1    1    9    1    1    1    1    1  6.21443E+13 0.00630 
   10    1    1    1   10    1    1    1    1    1  5.18538E+13 0.00632 
   11    1    1    1   11    1    1    1    1    1  3.66984E+14 0.00276 
   12    1    1    1   12    1    1    1    1    1  1.49519E+15 0.00153 
   13    1    1    1   13    1    1    1    1    1  3.47760E+15 0.00106 
   14    1    1    1   14    1    1    1    1    1  4.78252E+15 0.00078 
   15    1    1    1   15    1    1    1    1    1  4.20491E+15 0.00092 
   16    1    1    1   16    1    1    1    1    1  2.28929E+15 0.00127 
   17    1    1    1   17    1    1    1    1    1  7.15604E+14 0.00211 
   18    1    1    1   18    1    1    1    1    1  1.31726E+14 0.00454 
   19    1    1    1   19    1    1    1    1    1  6.69519E+13 0.00533 
   20    1    1    1   20    1    1    1    1    1  4.82027E+14 0.00230 
   21    1    1    1   21    1    1    1    1    1  1.92730E+15 0.00132 
   22    1    1    1   22    1    1    1    1    1  4.22221E+15 0.00088 
   23    1    1    1   23    1    1    1    1    1  5.57972E+15 0.00062 
   24    1    1    1   24    1    1    1    1    1  4.98552E+15 0.00074 
   25    1    1    1   25    1    1    1    1    1  2.88283E+15 0.00101 
   26    1    1    1   26    1    1    1    1    1  9.31169E+14 0.00182 
   27    1    1    1   27    1    1    1    1    1  1.69850E+14 0.00375 
   28    1    1    1   28    1    1    1    1    1  6.69132E+13 0.00525 
   29    1    1    1   29    1    1    1    1    1  4.80437E+14 0.00228 
   30    1    1    1   30    1    1    1    1    1  1.85689E+15 0.00123 
   31    1    1    1   31    1    1    1    1    1  3.85612E+15 0.00088 
   32    1    1    1   32    1    1    1    1    1  4.93709E+15 0.00062 
   33    1    1    1   33    1    1    1    1    1  4.48385E+15 0.00075 
   34    1    1    1   34    1    1    1    1    1  2.72221E+15 0.00103 
   35    1    1    1   35    1    1    1    1    1  9.18210E+14 0.00167 
   36    1    1    1   36    1    1    1    1    1  1.68668E+14 0.00354 
   37    1    1    1   37    1    1    1    1    1  5.50270E+13 0.00554 
   38    1    1    1   38    1    1    1    1    1  3.82879E+14 0.00241 
   39    1    1    1   39    1    1    1    1    1  1.45160E+15 0.00138 
   40    1    1    1   40    1    1    1    1    1  2.94744E+15 0.00097 
   41    1    1    1   41    1    1    1    1    1  3.74777E+15 0.00075 
   42    1    1    1   42    1    1    1    1    1  3.41543E+15 0.00083 
   43    1    1    1   43    1    1    1    1    1  2.10636E+15 0.00110 
   44    1    1    1   44    1    1    1    1    1  7.28679E+14 0.00179 
   45    1    1    1   45    1    1    1    1    1  1.36053E+14 0.00370 
   46    1    1    1   46    1    1    1    1    1  3.80974E+13 0.00642 
   47    1    1    1   47    1    1    1    1    1  2.52645E+14 0.00279 
   48    1    1    1   48    1    1    1    1    1  9.34704E+14 0.00154 
   49    1    1    1   49    1    1    1    1    1  1.94982E+15 0.00110 
   50    1    1    1   50    1    1    1    1    1  2.56147E+15 0.00090 
   51    1    1    1   51    1    1    1    1    1  2.30148E+15 0.00097 
   52    1    1    1   52    1    1    1    1    1  1.36875E+15 0.00132 
   53    1    1    1   53    1    1    1    1    1  4.73184E+14 0.00209 
   54    1    1    1   54    1    1    1    1    1  9.33798E+13 0.00414 
   55    1    1    1   55    1    1    1    1    1  2.34847E+13 0.00764 
   56    1    1    1   56    1    1    1    1    1  1.49738E+14 0.00322 
   57    1    1    1   57    1    1    1    1    1  5.42784E+14 0.00182 
   58    1    1    1   58    1    1    1    1    1  1.16962E+15 0.00136 
   59    1    1    1   59    1    1    1    1    1  1.57817E+15 0.00113 
   60    1    1    1   60    1    1    1    1    1  1.39915E+15 0.00121 
   61    1    1    1   61    1    1    1    1    1  8.07368E+14 0.00162 
   62    1    1    1   62    1    1    1    1    1  2.78013E+14 0.00246 
   63    1    1    1   63    1    1    1    1    1  5.77428E+13 0.00501 
   64    1    1    1   64    1    1    1    1    1  1.39833E+13 0.00955 
   65    1    1    1   65    1    1    1    1    1  8.37877E+13 0.00428 
   66    1    1    1   66    1    1    1    1    1  2.94574E+14 0.00239 
   67    1    1    1   67    1    1    1    1    1  6.37047E+14 0.00165 
   68    1    1    1   68    1    1    1    1    1  8.67911E+14 0.00148 
   69    1    1    1   69    1    1    1    1    1  7.67008E+14 0.00157 
   70    1    1    1   70    1    1    1    1    1  4.37631E+14 0.00202 
   71    1    1    1   71    1    1    1    1    1  1.52156E+14 0.00323 
   72    1    1    1   72    1    1    1    1    1  3.36574E+13 0.00652 
   73    1    1    1   73    1    1    1    1    1  7.94144E+12 0.01242 
   74    1    1    1   74    1    1    1    1    1  4.49494E+13 0.00564 
   75    1    1    1   75    1    1    1    1    1  1.53215E+14 0.00311 
   76    1    1    1   76    1    1    1    1    1  3.29261E+14 0.00211 
   77    1    1    1   77    1    1    1    1    1  4.49647E+14 0.00190 
   78    1    1    1   78    1    1    1    1    1  3.97876E+14 0.00193 
   79    1    1    1   79    1    1    1    1    1  2.27678E+14 0.00261 
   80    1    1    1   80    1    1    1    1    1  8.11362E+13 0.00412 
   81    1    1    1   81    1    1    1    1    1  1.92837E+13 0.00790 
   82    1    1    1   82    1    1    1    1    1  4.46322E+12 0.01591 
   83    1    1    1   83    1    1    1    1    1  2.38611E+13 0.00746 
   84    1    1    1   84    1    1    1    1    1  7.84704E+13 0.00404 
   85    1    1    1   85    1    1    1    1    1  1.66854E+14 0.00282 
   86    1    1    1   86    1    1    1    1    1  2.27601E+14 0.00246 
   87    1    1    1   87    1    1    1    1    1  2.02094E+14 0.00249 
   88    1    1    1   88    1    1    1    1    1  1.16166E+14 0.00337 
   89    1    1    1   89    1    1    1    1    1  4.24038E+13 0.00540 
   90    1    1    1   90    1    1    1    1    1  1.08648E+13 0.00996 
   91    1    1    1   91    1    1    1    1    1  2.43327E+12 0.02206 
   92    1    1    1   92    1    1    1    1    1  1.26254E+13 0.00956 
   93    1    1    1   93    1    1    1    1    1  4.00884E+13 0.00531 
   94    1    1    1   94    1    1    1    1    1  8.33780E+13 0.00411 
   95    1    1    1   95    1    1    1    1    1  1.13698E+14 0.00344 
   96    1    1    1   96    1    1    1    1    1  1.00908E+14 0.00353 
   97    1    1    1   97    1    1    1    1    1  5.87111E+13 0.00473 
   98    1    1    1   98    1    1    1    1    1  2.22109E+13 0.00752 
   99    1    1    1   99    1    1    1    1    1  6.35354E+12 0.01303 
  100    1    1    1  100    1    1    1    1    1  1.36108E+12 0.02753 
  101    1    1    1  101    1    1    1    1    1  6.91647E+12 0.01306 
  102    1    1    1  102    1    1    1    1    1  2.07895E+13 0.00752 
  103    1    1    1  103    1    1    1    1    1  4.20447E+13 0.00529 
  104    1    1    1  104    1    1    1    1    1  5.68556E+13 0.00445 
  105    1    1    1  105    1    1    1    1    1  5.05486E+13 0.00475 
  106    1    1    1  106    1    1    1    1    1  3.03653E+13 0.00639 
  107    1    1    1  107    1    1    1    1    1  1.19216E+13 0.00996 
  108    1    1    1  108    1    1    1    1    1  3.82226E+12 0.01700 
];


