
DETflux = [
    1    1    1    1    1    1    1    1    1    1  2.89198E+13 0.00948 
    2    1    1    1    2    1    1    1    1    1  1.90292E+14 0.00403 
    3    1    1    1    3    1    1    1    1    1  7.50153E+14 0.00220 
    4    1    1    1    4    1    1    1    1    1  1.77389E+15 0.00159 
    5    1    1    1    5    1    1    1    1    1  2.51928E+15 0.00132 
    6    1    1    1    6    1    1    1    1    1  2.19460E+15 0.00145 
    7    1    1    1    7    1    1    1    1    1  1.15629E+15 0.00185 
    8    1    1    1    8    1    1    1    1    1  3.64209E+14 0.00307 
    9    1    1    1    9    1    1    1    1    1  7.35105E+13 0.00607 
   10    1    1    1   10    1    1    1    1    1  5.79597E+13 0.00592 
   11    1    1    1   11    1    1    1    1    1  4.02482E+14 0.00258 
   12    1    1    1   12    1    1    1    1    1  1.59241E+15 0.00140 
   13    1    1    1   13    1    1    1    1    1  3.56459E+15 0.00096 
   14    1    1    1   14    1    1    1    1    1  4.81291E+15 0.00079 
   15    1    1    1   15    1    1    1    1    1  4.27069E+15 0.00087 
   16    1    1    1   16    1    1    1    1    1  2.40078E+15 0.00117 
   17    1    1    1   17    1    1    1    1    1  7.71399E+14 0.00199 
   18    1    1    1   18    1    1    1    1    1  1.44125E+14 0.00414 
   19    1    1    1   19    1    1    1    1    1  7.28184E+13 0.00513 
   20    1    1    1   20    1    1    1    1    1  5.08601E+14 0.00213 
   21    1    1    1   21    1    1    1    1    1  1.95583E+15 0.00125 
   22    1    1    1   22    1    1    1    1    1  4.09642E+15 0.00085 
   23    1    1    1   23    1    1    1    1    1  5.27333E+15 0.00066 
   24    1    1    1   24    1    1    1    1    1  4.76808E+15 0.00072 
   25    1    1    1   25    1    1    1    1    1  2.86419E+15 0.00100 
   26    1    1    1   26    1    1    1    1    1  9.66291E+14 0.00173 
   27    1    1    1   27    1    1    1    1    1  1.81611E+14 0.00348 
   28    1    1    1   28    1    1    1    1    1  7.12069E+13 0.00494 
   29    1    1    1   29    1    1    1    1    1  4.94689E+14 0.00220 
   30    1    1    1   30    1    1    1    1    1  1.83932E+15 0.00128 
   31    1    1    1   31    1    1    1    1    1  3.63922E+15 0.00089 
   32    1    1    1   32    1    1    1    1    1  4.53887E+15 0.00068 
   33    1    1    1   33    1    1    1    1    1  4.16372E+15 0.00078 
   34    1    1    1   34    1    1    1    1    1  2.63170E+15 0.00098 
   35    1    1    1   35    1    1    1    1    1  9.27739E+14 0.00170 
   36    1    1    1   36    1    1    1    1    1  1.77447E+14 0.00338 
   37    1    1    1   37    1    1    1    1    1  5.74872E+13 0.00539 
   38    1    1    1   38    1    1    1    1    1  3.91025E+14 0.00242 
   39    1    1    1   39    1    1    1    1    1  1.42043E+15 0.00138 
   40    1    1    1   40    1    1    1    1    1  2.76566E+15 0.00094 
   41    1    1    1   41    1    1    1    1    1  3.44236E+15 0.00077 
   42    1    1    1   42    1    1    1    1    1  3.15844E+15 0.00083 
   43    1    1    1   43    1    1    1    1    1  2.01483E+15 0.00110 
   44    1    1    1   44    1    1    1    1    1  7.27734E+14 0.00185 
   45    1    1    1   45    1    1    1    1    1  1.41822E+14 0.00359 
   46    1    1    1   46    1    1    1    1    1  3.93274E+13 0.00630 
   47    1    1    1   47    1    1    1    1    1  2.56736E+14 0.00276 
   48    1    1    1   48    1    1    1    1    1  9.16208E+14 0.00159 
   49    1    1    1   49    1    1    1    1    1  1.85426E+15 0.00108 
   50    1    1    1   50    1    1    1    1    1  2.39341E+15 0.00094 
   51    1    1    1   51    1    1    1    1    1  2.16422E+15 0.00102 
   52    1    1    1   52    1    1    1    1    1  1.32073E+15 0.00129 
   53    1    1    1   53    1    1    1    1    1  4.72905E+14 0.00210 
   54    1    1    1   54    1    1    1    1    1  9.66309E+13 0.00416 
   55    1    1    1   55    1    1    1    1    1  2.45287E+13 0.00752 
   56    1    1    1   56    1    1    1    1    1  1.51849E+14 0.00335 
   57    1    1    1   57    1    1    1    1    1  5.35323E+14 0.00191 
   58    1    1    1   58    1    1    1    1    1  1.12998E+15 0.00129 
   59    1    1    1   59    1    1    1    1    1  1.50205E+15 0.00119 
   60    1    1    1   60    1    1    1    1    1  1.34369E+15 0.00124 
   61    1    1    1   61    1    1    1    1    1  7.88121E+14 0.00161 
   62    1    1    1   62    1    1    1    1    1  2.77891E+14 0.00248 
   63    1    1    1   63    1    1    1    1    1  5.94760E+13 0.00515 
   64    1    1    1   64    1    1    1    1    1  1.44180E+13 0.00943 
   65    1    1    1   65    1    1    1    1    1  8.47230E+13 0.00411 
   66    1    1    1   66    1    1    1    1    1  2.92928E+14 0.00234 
   67    1    1    1   67    1    1    1    1    1  6.26386E+14 0.00168 
   68    1    1    1   68    1    1    1    1    1  8.44537E+14 0.00147 
   69    1    1    1   69    1    1    1    1    1  7.50257E+14 0.00160 
   70    1    1    1   70    1    1    1    1    1  4.33844E+14 0.00209 
   71    1    1    1   71    1    1    1    1    1  1.53706E+14 0.00306 
   72    1    1    1   72    1    1    1    1    1  3.44262E+13 0.00614 
   73    1    1    1   73    1    1    1    1    1  8.20141E+12 0.01190 
   74    1    1    1   74    1    1    1    1    1  4.56157E+13 0.00540 
   75    1    1    1   75    1    1    1    1    1  1.54203E+14 0.00312 
   76    1    1    1   76    1    1    1    1    1  3.29093E+14 0.00218 
   77    1    1    1   77    1    1    1    1    1  4.45971E+14 0.00185 
   78    1    1    1   78    1    1    1    1    1  3.94882E+14 0.00199 
   79    1    1    1   79    1    1    1    1    1  2.27753E+14 0.00265 
   80    1    1    1   80    1    1    1    1    1  8.23305E+13 0.00389 
   81    1    1    1   81    1    1    1    1    1  1.98078E+13 0.00784 
   82    1    1    1   82    1    1    1    1    1  4.51620E+12 0.01601 
   83    1    1    1   83    1    1    1    1    1  2.44598E+13 0.00712 
   84    1    1    1   84    1    1    1    1    1  7.98627E+13 0.00406 
   85    1    1    1   85    1    1    1    1    1  1.68172E+14 0.00290 
   86    1    1    1   86    1    1    1    1    1  2.28727E+14 0.00242 
   87    1    1    1   87    1    1    1    1    1  2.02799E+14 0.00261 
   88    1    1    1   88    1    1    1    1    1  1.16846E+14 0.00334 
   89    1    1    1   89    1    1    1    1    1  4.33002E+13 0.00528 
   90    1    1    1   90    1    1    1    1    1  1.13315E+13 0.01031 
   91    1    1    1   91    1    1    1    1    1  2.43280E+12 0.02080 
   92    1    1    1   92    1    1    1    1    1  1.28196E+13 0.00947 
   93    1    1    1   93    1    1    1    1    1  4.08343E+13 0.00572 
   94    1    1    1   94    1    1    1    1    1  8.48904E+13 0.00390 
   95    1    1    1   95    1    1    1    1    1  1.14761E+14 0.00331 
   96    1    1    1   96    1    1    1    1    1  1.02527E+14 0.00346 
   97    1    1    1   97    1    1    1    1    1  5.93563E+13 0.00449 
   98    1    1    1   98    1    1    1    1    1  2.24167E+13 0.00739 
   99    1    1    1   99    1    1    1    1    1  6.44723E+12 0.01297 
  100    1    1    1  100    1    1    1    1    1  1.41779E+12 0.02630 
  101    1    1    1  101    1    1    1    1    1  7.11270E+12 0.01221 
  102    1    1    1  102    1    1    1    1    1  2.13712E+13 0.00750 
  103    1    1    1  103    1    1    1    1    1  4.34208E+13 0.00518 
  104    1    1    1  104    1    1    1    1    1  5.85187E+13 0.00457 
  105    1    1    1  105    1    1    1    1    1  5.21885E+13 0.00477 
  106    1    1    1  106    1    1    1    1    1  3.05138E+13 0.00595 
  107    1    1    1  107    1    1    1    1    1  1.17919E+13 0.00969 
  108    1    1    1  108    1    1    1    1    1  3.85213E+12 0.01669 
];


