
DETflux = [
    1    1    1    1    1    1    1    1    1    1  2.07127E+13 0.01134 
    2    1    1    1    2    1    1    1    1    1  1.37591E+14 0.00447 
    3    1    1    1    3    1    1    1    1    1  5.49694E+14 0.00260 
    4    1    1    1    4    1    1    1    1    1  1.33502E+15 0.00174 
    5    1    1    1    5    1    1    1    1    1  1.92264E+15 0.00145 
    6    1    1    1    6    1    1    1    1    1  1.66174E+15 0.00155 
    7    1    1    1    7    1    1    1    1    1  8.65721E+14 0.00218 
    8    1    1    1    8    1    1    1    1    1  2.69915E+14 0.00364 
    9    1    1    1    9    1    1    1    1    1  5.41593E+13 0.00705 
   10    1    1    1   10    1    1    1    1    1  4.65417E+13 0.00660 
   11    1    1    1   11    1    1    1    1    1  3.34346E+14 0.00282 
   12    1    1    1   12    1    1    1    1    1  1.39837E+15 0.00158 
   13    1    1    1   13    1    1    1    1    1  3.37081E+15 0.00105 
   14    1    1    1   14    1    1    1    1    1  4.76294E+15 0.00081 
   15    1    1    1   15    1    1    1    1    1  4.15253E+15 0.00092 
   16    1    1    1   16    1    1    1    1    1  2.19036E+15 0.00133 
   17    1    1    1   17    1    1    1    1    1  6.62644E+14 0.00212 
   18    1    1    1   18    1    1    1    1    1  1.19291E+14 0.00442 
   19    1    1    1   19    1    1    1    1    1  6.17525E+13 0.00553 
   20    1    1    1   20    1    1    1    1    1  4.56052E+14 0.00231 
   21    1    1    1   21    1    1    1    1    1  1.89221E+15 0.00123 
   22    1    1    1   22    1    1    1    1    1  4.34118E+15 0.00082 
   23    1    1    1   23    1    1    1    1    1  5.90876E+15 0.00067 
   24    1    1    1   24    1    1    1    1    1  5.23253E+15 0.00068 
   25    1    1    1   25    1    1    1    1    1  2.89904E+15 0.00104 
   26    1    1    1   26    1    1    1    1    1  8.98892E+14 0.00184 
   27    1    1    1   27    1    1    1    1    1  1.57295E+14 0.00365 
   28    1    1    1   28    1    1    1    1    1  6.25498E+13 0.00530 
   29    1    1    1   29    1    1    1    1    1  4.65119E+14 0.00220 
   30    1    1    1   30    1    1    1    1    1  1.88517E+15 0.00117 
   31    1    1    1   31    1    1    1    1    1  4.09668E+15 0.00080 
   32    1    1    1   32    1    1    1    1    1  5.39274E+15 0.00060 
   33    1    1    1   33    1    1    1    1    1  4.84902E+15 0.00069 
   34    1    1    1   34    1    1    1    1    1  2.81870E+15 0.00103 
   35    1    1    1   35    1    1    1    1    1  9.07437E+14 0.00170 
   36    1    1    1   36    1    1    1    1    1  1.59440E+14 0.00364 
   37    1    1    1   37    1    1    1    1    1  5.15442E+13 0.00590 
   38    1    1    1   38    1    1    1    1    1  3.77961E+14 0.00235 
   39    1    1    1   39    1    1    1    1    1  1.48427E+15 0.00130 
   40    1    1    1   40    1    1    1    1    1  3.13996E+15 0.00092 
   41    1    1    1   41    1    1    1    1    1  4.08901E+15 0.00069 
   42    1    1    1   42    1    1    1    1    1  3.69783E+15 0.00079 
   43    1    1    1   43    1    1    1    1    1  2.19557E+15 0.00114 
   44    1    1    1   44    1    1    1    1    1  7.25607E+14 0.00185 
   45    1    1    1   45    1    1    1    1    1  1.31613E+14 0.00399 
   46    1    1    1   46    1    1    1    1    1  3.62626E+13 0.00664 
   47    1    1    1   47    1    1    1    1    1  2.47988E+14 0.00277 
   48    1    1    1   48    1    1    1    1    1  9.44786E+14 0.00153 
   49    1    1    1   49    1    1    1    1    1  2.03857E+15 0.00108 
   50    1    1    1   50    1    1    1    1    1  2.73214E+15 0.00087 
   51    1    1    1   51    1    1    1    1    1  2.44190E+15 0.00097 
   52    1    1    1   52    1    1    1    1    1  1.40811E+15 0.00131 
   53    1    1    1   53    1    1    1    1    1  4.68297E+14 0.00216 
   54    1    1    1   54    1    1    1    1    1  8.99825E+13 0.00433 
   55    1    1    1   55    1    1    1    1    1  2.27873E+13 0.00812 
   56    1    1    1   56    1    1    1    1    1  1.45798E+14 0.00332 
   57    1    1    1   57    1    1    1    1    1  5.41801E+14 0.00187 
   58    1    1    1   58    1    1    1    1    1  1.19393E+15 0.00132 
   59    1    1    1   59    1    1    1    1    1  1.64215E+15 0.00111 
   60    1    1    1   60    1    1    1    1    1  1.44994E+15 0.00117 
   61    1    1    1   61    1    1    1    1    1  8.16427E+14 0.00163 
   62    1    1    1   62    1    1    1    1    1  2.73657E+14 0.00247 
   63    1    1    1   63    1    1    1    1    1  5.53206E+13 0.00513 
   64    1    1    1   64    1    1    1    1    1  1.32901E+13 0.01013 
   65    1    1    1   65    1    1    1    1    1  8.06202E+13 0.00431 
   66    1    1    1   66    1    1    1    1    1  2.89889E+14 0.00236 
   67    1    1    1   67    1    1    1    1    1  6.37926E+14 0.00172 
   68    1    1    1   68    1    1    1    1    1  8.80486E+14 0.00145 
   69    1    1    1   69    1    1    1    1    1  7.75505E+14 0.00151 
   70    1    1    1   70    1    1    1    1    1  4.35474E+14 0.00201 
   71    1    1    1   71    1    1    1    1    1  1.49400E+14 0.00325 
   72    1    1    1   72    1    1    1    1    1  3.24563E+13 0.00659 
   73    1    1    1   73    1    1    1    1    1  7.49836E+12 0.01245 
   74    1    1    1   74    1    1    1    1    1  4.27762E+13 0.00555 
   75    1    1    1   75    1    1    1    1    1  1.50002E+14 0.00306 
   76    1    1    1   76    1    1    1    1    1  3.26112E+14 0.00225 
   77    1    1    1   77    1    1    1    1    1  4.49404E+14 0.00194 
   78    1    1    1   78    1    1    1    1    1  3.95126E+14 0.00194 
   79    1    1    1   79    1    1    1    1    1  2.24332E+14 0.00252 
   80    1    1    1   80    1    1    1    1    1  7.89290E+13 0.00418 
   81    1    1    1   81    1    1    1    1    1  1.82970E+13 0.00833 
   82    1    1    1   82    1    1    1    1    1  4.12177E+12 0.01696 
   83    1    1    1   83    1    1    1    1    1  2.26174E+13 0.00716 
   84    1    1    1   84    1    1    1    1    1  7.62787E+13 0.00415 
   85    1    1    1   85    1    1    1    1    1  1.62795E+14 0.00280 
   86    1    1    1   86    1    1    1    1    1  2.22930E+14 0.00244 
   87    1    1    1   87    1    1    1    1    1  1.96661E+14 0.00260 
   88    1    1    1   88    1    1    1    1    1  1.13116E+14 0.00344 
   89    1    1    1   89    1    1    1    1    1  4.06725E+13 0.00572 
   90    1    1    1   90    1    1    1    1    1  1.01638E+13 0.01080 
   91    1    1    1   91    1    1    1    1    1  2.28305E+12 0.02122 
   92    1    1    1   92    1    1    1    1    1  1.19342E+13 0.01013 
   93    1    1    1   93    1    1    1    1    1  3.85921E+13 0.00549 
   94    1    1    1   94    1    1    1    1    1  8.03024E+13 0.00364 
   95    1    1    1   95    1    1    1    1    1  1.09359E+14 0.00332 
   96    1    1    1   96    1    1    1    1    1  9.74832E+13 0.00352 
   97    1    1    1   97    1    1    1    1    1  5.63643E+13 0.00472 
   98    1    1    1   98    1    1    1    1    1  2.09375E+13 0.00753 
   99    1    1    1   99    1    1    1    1    1  5.92062E+12 0.01415 
  100    1    1    1  100    1    1    1    1    1  1.30853E+12 0.02879 
  101    1    1    1  101    1    1    1    1    1  6.51774E+12 0.01344 
  102    1    1    1  102    1    1    1    1    1  1.99993E+13 0.00739 
  103    1    1    1  103    1    1    1    1    1  4.05768E+13 0.00507 
  104    1    1    1  104    1    1    1    1    1  5.42212E+13 0.00473 
  105    1    1    1  105    1    1    1    1    1  4.84562E+13 0.00492 
  106    1    1    1  106    1    1    1    1    1  2.86630E+13 0.00624 
  107    1    1    1  107    1    1    1    1    1  1.12120E+13 0.01037 
  108    1    1    1  108    1    1    1    1    1  3.51751E+12 0.01806 
];


