
DETflux = [
    1    1    1    1    1    1    1    1    1    1  2.88335E+13 0.00919 
    2    1    1    1    2    1    1    1    1    1  1.90969E+14 0.00398 
    3    1    1    1    3    1    1    1    1    1  7.47000E+14 0.00222 
    4    1    1    1    4    1    1    1    1    1  1.76395E+15 0.00158 
    5    1    1    1    5    1    1    1    1    1  2.50903E+15 0.00139 
    6    1    1    1    6    1    1    1    1    1  2.17528E+15 0.00144 
    7    1    1    1    7    1    1    1    1    1  1.14895E+15 0.00189 
    8    1    1    1    8    1    1    1    1    1  3.62206E+14 0.00313 
    9    1    1    1    9    1    1    1    1    1  7.31277E+13 0.00623 
   10    1    1    1   10    1    1    1    1    1  5.72900E+13 0.00608 
   11    1    1    1   11    1    1    1    1    1  4.03157E+14 0.00263 
   12    1    1    1   12    1    1    1    1    1  1.59018E+15 0.00158 
   13    1    1    1   13    1    1    1    1    1  3.56320E+15 0.00111 
   14    1    1    1   14    1    1    1    1    1  4.80491E+15 0.00082 
   15    1    1    1   15    1    1    1    1    1  4.26615E+15 0.00085 
   16    1    1    1   16    1    1    1    1    1  2.39730E+15 0.00127 
   17    1    1    1   17    1    1    1    1    1  7.70665E+14 0.00209 
   18    1    1    1   18    1    1    1    1    1  1.44909E+14 0.00412 
   19    1    1    1   19    1    1    1    1    1  7.20350E+13 0.00512 
   20    1    1    1   20    1    1    1    1    1  5.10305E+14 0.00230 
   21    1    1    1   21    1    1    1    1    1  1.95676E+15 0.00131 
   22    1    1    1   22    1    1    1    1    1  4.09302E+15 0.00089 
   23    1    1    1   23    1    1    1    1    1  5.27326E+15 0.00066 
   24    1    1    1   24    1    1    1    1    1  4.77920E+15 0.00072 
   25    1    1    1   25    1    1    1    1    1  2.86866E+15 0.00111 
   26    1    1    1   26    1    1    1    1    1  9.68478E+14 0.00186 
   27    1    1    1   27    1    1    1    1    1  1.81268E+14 0.00368 
   28    1    1    1   28    1    1    1    1    1  7.09849E+13 0.00496 
   29    1    1    1   29    1    1    1    1    1  4.96768E+14 0.00219 
   30    1    1    1   30    1    1    1    1    1  1.83960E+15 0.00121 
   31    1    1    1   31    1    1    1    1    1  3.64442E+15 0.00084 
   32    1    1    1   32    1    1    1    1    1  4.53460E+15 0.00069 
   33    1    1    1   33    1    1    1    1    1  4.16656E+15 0.00076 
   34    1    1    1   34    1    1    1    1    1  2.63389E+15 0.00112 
   35    1    1    1   35    1    1    1    1    1  9.31600E+14 0.00185 
   36    1    1    1   36    1    1    1    1    1  1.76283E+14 0.00352 
   37    1    1    1   37    1    1    1    1    1  5.78757E+13 0.00552 
   38    1    1    1   38    1    1    1    1    1  3.92286E+14 0.00239 
   39    1    1    1   39    1    1    1    1    1  1.42223E+15 0.00138 
   40    1    1    1   40    1    1    1    1    1  2.77166E+15 0.00091 
   41    1    1    1   41    1    1    1    1    1  3.44189E+15 0.00077 
   42    1    1    1   42    1    1    1    1    1  3.15852E+15 0.00090 
   43    1    1    1   43    1    1    1    1    1  2.01956E+15 0.00121 
   44    1    1    1   44    1    1    1    1    1  7.28534E+14 0.00192 
   45    1    1    1   45    1    1    1    1    1  1.40951E+14 0.00377 
   46    1    1    1   46    1    1    1    1    1  3.94955E+13 0.00634 
   47    1    1    1   47    1    1    1    1    1  2.57721E+14 0.00286 
   48    1    1    1   48    1    1    1    1    1  9.19231E+14 0.00156 
   49    1    1    1   49    1    1    1    1    1  1.85885E+15 0.00108 
   50    1    1    1   50    1    1    1    1    1  2.39143E+15 0.00094 
   51    1    1    1   51    1    1    1    1    1  2.16533E+15 0.00107 
   52    1    1    1   52    1    1    1    1    1  1.32191E+15 0.00132 
   53    1    1    1   53    1    1    1    1    1  4.72355E+14 0.00222 
   54    1    1    1   54    1    1    1    1    1  9.57870E+13 0.00419 
   55    1    1    1   55    1    1    1    1    1  2.46865E+13 0.00742 
   56    1    1    1   56    1    1    1    1    1  1.53266E+14 0.00339 
   57    1    1    1   57    1    1    1    1    1  5.39697E+14 0.00189 
   58    1    1    1   58    1    1    1    1    1  1.13396E+15 0.00138 
   59    1    1    1   59    1    1    1    1    1  1.50397E+15 0.00120 
   60    1    1    1   60    1    1    1    1    1  1.34232E+15 0.00128 
   61    1    1    1   61    1    1    1    1    1  7.86133E+14 0.00162 
   62    1    1    1   62    1    1    1    1    1  2.78439E+14 0.00246 
   63    1    1    1   63    1    1    1    1    1  5.91448E+13 0.00481 
   64    1    1    1   64    1    1    1    1    1  1.47011E+13 0.00930 
   65    1    1    1   65    1    1    1    1    1  8.59661E+13 0.00420 
   66    1    1    1   66    1    1    1    1    1  2.95302E+14 0.00239 
   67    1    1    1   67    1    1    1    1    1  6.25966E+14 0.00170 
   68    1    1    1   68    1    1    1    1    1  8.45470E+14 0.00150 
   69    1    1    1   69    1    1    1    1    1  7.48534E+14 0.00153 
   70    1    1    1   70    1    1    1    1    1  4.31697E+14 0.00207 
   71    1    1    1   71    1    1    1    1    1  1.54062E+14 0.00309 
   72    1    1    1   72    1    1    1    1    1  3.47907E+13 0.00601 
   73    1    1    1   73    1    1    1    1    1  8.49188E+12 0.01166 
   74    1    1    1   74    1    1    1    1    1  4.68909E+13 0.00504 
   75    1    1    1   75    1    1    1    1    1  1.56199E+14 0.00308 
   76    1    1    1   76    1    1    1    1    1  3.28742E+14 0.00221 
   77    1    1    1   77    1    1    1    1    1  4.46943E+14 0.00197 
   78    1    1    1   78    1    1    1    1    1  3.94211E+14 0.00208 
   79    1    1    1   79    1    1    1    1    1  2.27806E+14 0.00261 
   80    1    1    1   80    1    1    1    1    1  8.24216E+13 0.00406 
   81    1    1    1   81    1    1    1    1    1  1.97474E+13 0.00773 
   82    1    1    1   82    1    1    1    1    1  4.65140E+12 0.01555 
   83    1    1    1   83    1    1    1    1    1  2.48004E+13 0.00665 
   84    1    1    1   84    1    1    1    1    1  8.07355E+13 0.00407 
   85    1    1    1   85    1    1    1    1    1  1.69222E+14 0.00296 
   86    1    1    1   86    1    1    1    1    1  2.28945E+14 0.00251 
   87    1    1    1   87    1    1    1    1    1  2.01982E+14 0.00271 
   88    1    1    1   88    1    1    1    1    1  1.17401E+14 0.00344 
   89    1    1    1   89    1    1    1    1    1  4.30335E+13 0.00532 
   90    1    1    1   90    1    1    1    1    1  1.13542E+13 0.00957 
   91    1    1    1   91    1    1    1    1    1  2.53043E+12 0.02056 
   92    1    1    1   92    1    1    1    1    1  1.31390E+13 0.00919 
   93    1    1    1   93    1    1    1    1    1  4.11391E+13 0.00528 
   94    1    1    1   94    1    1    1    1    1  8.56693E+13 0.00400 
   95    1    1    1   95    1    1    1    1    1  1.15828E+14 0.00337 
   96    1    1    1   96    1    1    1    1    1  1.02071E+14 0.00349 
   97    1    1    1   97    1    1    1    1    1  5.98158E+13 0.00462 
   98    1    1    1   98    1    1    1    1    1  2.22985E+13 0.00715 
   99    1    1    1   99    1    1    1    1    1  6.45269E+12 0.01295 
  100    1    1    1  100    1    1    1    1    1  1.49700E+12 0.02637 
  101    1    1    1  101    1    1    1    1    1  7.28155E+12 0.01255 
  102    1    1    1  102    1    1    1    1    1  2.14140E+13 0.00718 
  103    1    1    1  103    1    1    1    1    1  4.35387E+13 0.00506 
  104    1    1    1  104    1    1    1    1    1  5.85174E+13 0.00452 
  105    1    1    1  105    1    1    1    1    1  5.17162E+13 0.00474 
  106    1    1    1  106    1    1    1    1    1  3.08496E+13 0.00609 
  107    1    1    1  107    1    1    1    1    1  1.20361E+13 0.00940 
  108    1    1    1  108    1    1    1    1    1  3.88812E+12 0.01632 
];


