
DETflux = [
    1    1    1    1    1    1    1    1    1    1  2.48613E+13 0.01027 
    2    1    1    1    2    1    1    1    1    1  1.62262E+14 0.00445 
    3    1    1    1    3    1    1    1    1    1  6.39470E+14 0.00239 
    4    1    1    1    4    1    1    1    1    1  1.53155E+15 0.00169 
    5    1    1    1    5    1    1    1    1    1  2.19003E+15 0.00142 
    6    1    1    1    6    1    1    1    1    1  1.90219E+15 0.00149 
    7    1    1    1    7    1    1    1    1    1  1.00030E+15 0.00194 
    8    1    1    1    8    1    1    1    1    1  3.14815E+14 0.00321 
    9    1    1    1    9    1    1    1    1    1  6.29087E+13 0.00669 
   10    1    1    1   10    1    1    1    1    1  5.23890E+13 0.00638 
   11    1    1    1   11    1    1    1    1    1  3.66130E+14 0.00280 
   12    1    1    1   12    1    1    1    1    1  1.49168E+15 0.00158 
   13    1    1    1   13    1    1    1    1    1  3.47478E+15 0.00105 
   14    1    1    1   14    1    1    1    1    1  4.79163E+15 0.00083 
   15    1    1    1   15    1    1    1    1    1  4.21667E+15 0.00090 
   16    1    1    1   16    1    1    1    1    1  2.29955E+15 0.00119 
   17    1    1    1   17    1    1    1    1    1  7.16098E+14 0.00214 
   18    1    1    1   18    1    1    1    1    1  1.31030E+14 0.00437 
   19    1    1    1   19    1    1    1    1    1  6.71065E+13 0.00551 
   20    1    1    1   20    1    1    1    1    1  4.82219E+14 0.00242 
   21    1    1    1   21    1    1    1    1    1  1.91965E+15 0.00137 
   22    1    1    1   22    1    1    1    1    1  4.22480E+15 0.00089 
   23    1    1    1   23    1    1    1    1    1  5.58509E+15 0.00069 
   24    1    1    1   24    1    1    1    1    1  4.99365E+15 0.00077 
   25    1    1    1   25    1    1    1    1    1  2.88150E+15 0.00107 
   26    1    1    1   26    1    1    1    1    1  9.29871E+14 0.00194 
   27    1    1    1   27    1    1    1    1    1  1.69979E+14 0.00371 
   28    1    1    1   28    1    1    1    1    1  6.64807E+13 0.00525 
   29    1    1    1   29    1    1    1    1    1  4.79912E+14 0.00216 
   30    1    1    1   30    1    1    1    1    1  1.85793E+15 0.00131 
   31    1    1    1   31    1    1    1    1    1  3.86724E+15 0.00094 
   32    1    1    1   32    1    1    1    1    1  4.94405E+15 0.00067 
   33    1    1    1   33    1    1    1    1    1  4.48223E+15 0.00076 
   34    1    1    1   34    1    1    1    1    1  2.71487E+15 0.00115 
   35    1    1    1   35    1    1    1    1    1  9.12181E+14 0.00187 
   36    1    1    1   36    1    1    1    1    1  1.68006E+14 0.00360 
   37    1    1    1   37    1    1    1    1    1  5.42093E+13 0.00543 
   38    1    1    1   38    1    1    1    1    1  3.83610E+14 0.00237 
   39    1    1    1   39    1    1    1    1    1  1.45186E+15 0.00142 
   40    1    1    1   40    1    1    1    1    1  2.95674E+15 0.00100 
   41    1    1    1   41    1    1    1    1    1  3.75417E+15 0.00071 
   42    1    1    1   42    1    1    1    1    1  3.40775E+15 0.00080 
   43    1    1    1   43    1    1    1    1    1  2.09783E+15 0.00122 
   44    1    1    1   44    1    1    1    1    1  7.24333E+14 0.00200 
   45    1    1    1   45    1    1    1    1    1  1.36415E+14 0.00396 
   46    1    1    1   46    1    1    1    1    1  3.79213E+13 0.00628 
   47    1    1    1   47    1    1    1    1    1  2.52595E+14 0.00280 
   48    1    1    1   48    1    1    1    1    1  9.33694E+14 0.00167 
   49    1    1    1   49    1    1    1    1    1  1.95255E+15 0.00113 
   50    1    1    1   50    1    1    1    1    1  2.55869E+15 0.00087 
   51    1    1    1   51    1    1    1    1    1  2.29345E+15 0.00093 
   52    1    1    1   52    1    1    1    1    1  1.35683E+15 0.00137 
   53    1    1    1   53    1    1    1    1    1  4.69563E+14 0.00225 
   54    1    1    1   54    1    1    1    1    1  9.32922E+13 0.00437 
   55    1    1    1   55    1    1    1    1    1  2.36639E+13 0.00791 
   56    1    1    1   56    1    1    1    1    1  1.49485E+14 0.00348 
   57    1    1    1   57    1    1    1    1    1  5.43597E+14 0.00194 
   58    1    1    1   58    1    1    1    1    1  1.16901E+15 0.00138 
   59    1    1    1   59    1    1    1    1    1  1.57265E+15 0.00112 
   60    1    1    1   60    1    1    1    1    1  1.39362E+15 0.00118 
   61    1    1    1   61    1    1    1    1    1  7.96371E+14 0.00163 
   62    1    1    1   62    1    1    1    1    1  2.75264E+14 0.00279 
   63    1    1    1   63    1    1    1    1    1  5.74424E+13 0.00526 
   64    1    1    1   64    1    1    1    1    1  1.37032E+13 0.00981 
   65    1    1    1   65    1    1    1    1    1  8.37793E+13 0.00419 
   66    1    1    1   66    1    1    1    1    1  2.94183E+14 0.00239 
   67    1    1    1   67    1    1    1    1    1  6.36041E+14 0.00172 
   68    1    1    1   68    1    1    1    1    1  8.65403E+14 0.00139 
   69    1    1    1   69    1    1    1    1    1  7.62886E+14 0.00150 
   70    1    1    1   70    1    1    1    1    1  4.32150E+14 0.00204 
   71    1    1    1   71    1    1    1    1    1  1.51409E+14 0.00331 
   72    1    1    1   72    1    1    1    1    1  3.36918E+13 0.00641 
   73    1    1    1   73    1    1    1    1    1  7.75007E+12 0.01217 
   74    1    1    1   74    1    1    1    1    1  4.50219E+13 0.00535 
   75    1    1    1   75    1    1    1    1    1  1.53224E+14 0.00316 
   76    1    1    1   76    1    1    1    1    1  3.28634E+14 0.00225 
   77    1    1    1   77    1    1    1    1    1  4.49211E+14 0.00191 
   78    1    1    1   78    1    1    1    1    1  3.95679E+14 0.00201 
   79    1    1    1   79    1    1    1    1    1  2.24756E+14 0.00257 
   80    1    1    1   80    1    1    1    1    1  8.01794E+13 0.00438 
   81    1    1    1   81    1    1    1    1    1  1.91826E+13 0.00801 
   82    1    1    1   82    1    1    1    1    1  4.33304E+12 0.01660 
   83    1    1    1   83    1    1    1    1    1  2.41226E+13 0.00667 
   84    1    1    1   84    1    1    1    1    1  7.86640E+13 0.00434 
   85    1    1    1   85    1    1    1    1    1  1.65601E+14 0.00285 
   86    1    1    1   86    1    1    1    1    1  2.26769E+14 0.00247 
   87    1    1    1   87    1    1    1    1    1  2.01006E+14 0.00263 
   88    1    1    1   88    1    1    1    1    1  1.14780E+14 0.00345 
   89    1    1    1   89    1    1    1    1    1  4.16782E+13 0.00562 
   90    1    1    1   90    1    1    1    1    1  1.08936E+13 0.01050 
   91    1    1    1   91    1    1    1    1    1  2.37404E+12 0.02112 
   92    1    1    1   92    1    1    1    1    1  1.27613E+13 0.00947 
   93    1    1    1   93    1    1    1    1    1  4.01091E+13 0.00575 
   94    1    1    1   94    1    1    1    1    1  8.31278E+13 0.00378 
   95    1    1    1   95    1    1    1    1    1  1.12850E+14 0.00330 
   96    1    1    1   96    1    1    1    1    1  1.00019E+14 0.00347 
   97    1    1    1   97    1    1    1    1    1  5.75978E+13 0.00463 
   98    1    1    1   98    1    1    1    1    1  2.15277E+13 0.00753 
   99    1    1    1   99    1    1    1    1    1  6.24439E+12 0.01340 
  100    1    1    1  100    1    1    1    1    1  1.39865E+12 0.02794 
  101    1    1    1  101    1    1    1    1    1  6.87724E+12 0.01226 
  102    1    1    1  102    1    1    1    1    1  2.07904E+13 0.00749 
  103    1    1    1  103    1    1    1    1    1  4.21469E+13 0.00532 
  104    1    1    1  104    1    1    1    1    1  5.63749E+13 0.00446 
  105    1    1    1  105    1    1    1    1    1  5.01908E+13 0.00467 
  106    1    1    1  106    1    1    1    1    1  2.93348E+13 0.00620 
  107    1    1    1  107    1    1    1    1    1  1.15431E+13 0.01013 
  108    1    1    1  108    1    1    1    1    1  3.72952E+12 0.01669 
];


