
DETflux = [
    1    1    1    1    1    1    1    1    1    1  3.40530E+13 0.00849 
    2    1    1    1    2    1    1    1    1    1  2.24141E+14 0.00389 
    3    1    1    1    3    1    1    1    1    1  8.67761E+14 0.00211 
    4    1    1    1    4    1    1    1    1    1  2.04995E+15 0.00155 
    5    1    1    1    5    1    1    1    1    1  2.90750E+15 0.00127 
    6    1    1    1    6    1    1    1    1    1  2.53563E+15 0.00133 
    7    1    1    1    7    1    1    1    1    1  1.34192E+15 0.00173 
    8    1    1    1    8    1    1    1    1    1  4.24091E+14 0.00275 
    9    1    1    1    9    1    1    1    1    1  8.53590E+13 0.00585 
   10    1    1    1   10    1    1    1    1    1  6.46570E+13 0.00594 
   11    1    1    1   11    1    1    1    1    1  4.38921E+14 0.00266 
   12    1    1    1   12    1    1    1    1    1  1.67991E+15 0.00147 
   13    1    1    1   13    1    1    1    1    1  3.63671E+15 0.00092 
   14    1    1    1   14    1    1    1    1    1  4.81184E+15 0.00079 
   15    1    1    1   15    1    1    1    1    1  4.31131E+15 0.00082 
   16    1    1    1   16    1    1    1    1    1  2.49734E+15 0.00122 
   17    1    1    1   17    1    1    1    1    1  8.25687E+14 0.00198 
   18    1    1    1   18    1    1    1    1    1  1.58718E+14 0.00411 
   19    1    1    1   19    1    1    1    1    1  7.85305E+13 0.00500 
   20    1    1    1   20    1    1    1    1    1  5.35910E+14 0.00224 
   21    1    1    1   21    1    1    1    1    1  1.97752E+15 0.00124 
   22    1    1    1   22    1    1    1    1    1  3.95994E+15 0.00081 
   23    1    1    1   23    1    1    1    1    1  4.97795E+15 0.00071 
   24    1    1    1   24    1    1    1    1    1  4.54955E+15 0.00071 
   25    1    1    1   25    1    1    1    1    1  2.83371E+15 0.00102 
   26    1    1    1   26    1    1    1    1    1  9.93698E+14 0.00163 
   27    1    1    1   27    1    1    1    1    1  1.92951E+14 0.00331 
   28    1    1    1   28    1    1    1    1    1  7.51342E+13 0.00485 
   29    1    1    1   29    1    1    1    1    1  5.09006E+14 0.00212 
   30    1    1    1   30    1    1    1    1    1  1.81813E+15 0.00122 
   31    1    1    1   31    1    1    1    1    1  3.43708E+15 0.00087 
   32    1    1    1   32    1    1    1    1    1  4.18600E+15 0.00069 
   33    1    1    1   33    1    1    1    1    1  3.86735E+15 0.00075 
   34    1    1    1   34    1    1    1    1    1  2.52948E+15 0.00103 
   35    1    1    1   35    1    1    1    1    1  9.32505E+14 0.00175 
   36    1    1    1   36    1    1    1    1    1  1.84495E+14 0.00339 
   37    1    1    1   37    1    1    1    1    1  5.99245E+13 0.00504 
   38    1    1    1   38    1    1    1    1    1  3.98633E+14 0.00236 
   39    1    1    1   39    1    1    1    1    1  1.39755E+15 0.00139 
   40    1    1    1   40    1    1    1    1    1  2.60681E+15 0.00094 
   41    1    1    1   41    1    1    1    1    1  3.16986E+15 0.00078 
   42    1    1    1   42    1    1    1    1    1  2.92176E+15 0.00084 
   43    1    1    1   43    1    1    1    1    1  1.92275E+15 0.00114 
   44    1    1    1   44    1    1    1    1    1  7.24444E+14 0.00183 
   45    1    1    1   45    1    1    1    1    1  1.47317E+14 0.00369 
   46    1    1    1   46    1    1    1    1    1  4.07605E+13 0.00589 
   47    1    1    1   47    1    1    1    1    1  2.62673E+14 0.00276 
   48    1    1    1   48    1    1    1    1    1  9.08379E+14 0.00159 
   49    1    1    1   49    1    1    1    1    1  1.77273E+15 0.00106 
   50    1    1    1   50    1    1    1    1    1  2.24013E+15 0.00096 
   51    1    1    1   51    1    1    1    1    1  2.03186E+15 0.00106 
   52    1    1    1   52    1    1    1    1    1  1.26995E+15 0.00136 
   53    1    1    1   53    1    1    1    1    1  4.70460E+14 0.00205 
   54    1    1    1   54    1    1    1    1    1  9.94486E+13 0.00408 
   55    1    1    1   55    1    1    1    1    1  2.56729E+13 0.00722 
   56    1    1    1   56    1    1    1    1    1  1.56602E+14 0.00325 
   57    1    1    1   57    1    1    1    1    1  5.38735E+14 0.00191 
   58    1    1    1   58    1    1    1    1    1  1.09912E+15 0.00130 
   59    1    1    1   59    1    1    1    1    1  1.43449E+15 0.00115 
   60    1    1    1   60    1    1    1    1    1  1.28163E+15 0.00127 
   61    1    1    1   61    1    1    1    1    1  7.65057E+14 0.00165 
   62    1    1    1   62    1    1    1    1    1  2.78697E+14 0.00246 
   63    1    1    1   63    1    1    1    1    1  6.11581E+13 0.00483 
   64    1    1    1   64    1    1    1    1    1  1.52398E+13 0.00919 
   65    1    1    1   65    1    1    1    1    1  8.84197E+13 0.00404 
   66    1    1    1   66    1    1    1    1    1  2.98090E+14 0.00238 
   67    1    1    1   67    1    1    1    1    1  6.18087E+14 0.00166 
   68    1    1    1   68    1    1    1    1    1  8.21544E+14 0.00144 
   69    1    1    1   69    1    1    1    1    1  7.28179E+14 0.00151 
   70    1    1    1   70    1    1    1    1    1  4.24936E+14 0.00203 
   71    1    1    1   71    1    1    1    1    1  1.55411E+14 0.00317 
   72    1    1    1   72    1    1    1    1    1  3.61151E+13 0.00603 
   73    1    1    1   73    1    1    1    1    1  8.54250E+12 0.01160 
   74    1    1    1   74    1    1    1    1    1  4.80575E+13 0.00532 
   75    1    1    1   75    1    1    1    1    1  1.57818E+14 0.00313 
   76    1    1    1   76    1    1    1    1    1  3.29334E+14 0.00221 
   77    1    1    1   77    1    1    1    1    1  4.41062E+14 0.00185 
   78    1    1    1   78    1    1    1    1    1  3.90382E+14 0.00201 
   79    1    1    1   79    1    1    1    1    1  2.26687E+14 0.00253 
   80    1    1    1   80    1    1    1    1    1  8.37998E+13 0.00409 
   81    1    1    1   81    1    1    1    1    1  2.06227E+13 0.00768 
   82    1    1    1   82    1    1    1    1    1  4.75055E+12 0.01565 
   83    1    1    1   83    1    1    1    1    1  2.53301E+13 0.00688 
   84    1    1    1   84    1    1    1    1    1  8.22218E+13 0.00409 
   85    1    1    1   85    1    1    1    1    1  1.70139E+14 0.00280 
   86    1    1    1   86    1    1    1    1    1  2.28719E+14 0.00243 
   87    1    1    1   87    1    1    1    1    1  2.02384E+14 0.00262 
   88    1    1    1   88    1    1    1    1    1  1.18083E+14 0.00328 
   89    1    1    1   89    1    1    1    1    1  4.42727E+13 0.00530 
   90    1    1    1   90    1    1    1    1    1  1.18001E+13 0.00970 
   91    1    1    1   91    1    1    1    1    1  2.64998E+12 0.02021 
   92    1    1    1   92    1    1    1    1    1  1.35594E+13 0.00900 
   93    1    1    1   93    1    1    1    1    1  4.20118E+13 0.00533 
   94    1    1    1   94    1    1    1    1    1  8.66589E+13 0.00372 
   95    1    1    1   95    1    1    1    1    1  1.16346E+14 0.00317 
   96    1    1    1   96    1    1    1    1    1  1.03291E+14 0.00346 
   97    1    1    1   97    1    1    1    1    1  6.06193E+13 0.00448 
   98    1    1    1   98    1    1    1    1    1  2.34611E+13 0.00708 
   99    1    1    1   99    1    1    1    1    1  6.86369E+12 0.01254 
  100    1    1    1  100    1    1    1    1    1  1.58465E+12 0.02640 
  101    1    1    1  101    1    1    1    1    1  7.37621E+12 0.01162 
  102    1    1    1  102    1    1    1    1    1  2.19988E+13 0.00711 
  103    1    1    1  103    1    1    1    1    1  4.43628E+13 0.00512 
  104    1    1    1  104    1    1    1    1    1  5.90201E+13 0.00428 
  105    1    1    1  105    1    1    1    1    1  5.28810E+13 0.00458 
  106    1    1    1  106    1    1    1    1    1  3.12329E+13 0.00584 
  107    1    1    1  107    1    1    1    1    1  1.25233E+13 0.00931 
  108    1    1    1  108    1    1    1    1    1  4.18697E+12 0.01534 
];


