
DETflux = [
    1    1    1    1    1    1    1    1    1    1  2.91815E+13 0.00927 
    2    1    1    1    2    1    1    1    1    1  1.90343E+14 0.00425 
    3    1    1    1    3    1    1    1    1    1  7.47992E+14 0.00237 
    4    1    1    1    4    1    1    1    1    1  1.77166E+15 0.00168 
    5    1    1    1    5    1    1    1    1    1  2.51497E+15 0.00134 
    6    1    1    1    6    1    1    1    1    1  2.19011E+15 0.00141 
    7    1    1    1    7    1    1    1    1    1  1.16194E+15 0.00183 
    8    1    1    1    8    1    1    1    1    1  3.64910E+14 0.00303 
    9    1    1    1    9    1    1    1    1    1  7.29944E+13 0.00619 
   10    1    1    1   10    1    1    1    1    1  5.81338E+13 0.00608 
   11    1    1    1   11    1    1    1    1    1  4.01819E+14 0.00286 
   12    1    1    1   12    1    1    1    1    1  1.58659E+15 0.00159 
   13    1    1    1   13    1    1    1    1    1  3.56349E+15 0.00099 
   14    1    1    1   14    1    1    1    1    1  4.80806E+15 0.00077 
   15    1    1    1   15    1    1    1    1    1  4.27443E+15 0.00090 
   16    1    1    1   16    1    1    1    1    1  2.41059E+15 0.00123 
   17    1    1    1   17    1    1    1    1    1  7.72929E+14 0.00196 
   18    1    1    1   18    1    1    1    1    1  1.44667E+14 0.00403 
   19    1    1    1   19    1    1    1    1    1  7.29796E+13 0.00514 
   20    1    1    1   20    1    1    1    1    1  5.08962E+14 0.00228 
   21    1    1    1   21    1    1    1    1    1  1.94951E+15 0.00132 
   22    1    1    1   22    1    1    1    1    1  4.08713E+15 0.00085 
   23    1    1    1   23    1    1    1    1    1  5.26936E+15 0.00068 
   24    1    1    1   24    1    1    1    1    1  4.77079E+15 0.00075 
   25    1    1    1   25    1    1    1    1    1  2.87103E+15 0.00106 
   26    1    1    1   26    1    1    1    1    1  9.66929E+14 0.00177 
   27    1    1    1   27    1    1    1    1    1  1.80903E+14 0.00347 
   28    1    1    1   28    1    1    1    1    1  7.07972E+13 0.00509 
   29    1    1    1   29    1    1    1    1    1  4.92953E+14 0.00228 
   30    1    1    1   30    1    1    1    1    1  1.83864E+15 0.00132 
   31    1    1    1   31    1    1    1    1    1  3.63274E+15 0.00082 
   32    1    1    1   32    1    1    1    1    1  4.53628E+15 0.00070 
   33    1    1    1   33    1    1    1    1    1  4.16338E+15 0.00074 
   34    1    1    1   34    1    1    1    1    1  2.63255E+15 0.00109 
   35    1    1    1   35    1    1    1    1    1  9.28450E+14 0.00175 
   36    1    1    1   36    1    1    1    1    1  1.76758E+14 0.00360 
   37    1    1    1   37    1    1    1    1    1  5.69943E+13 0.00552 
   38    1    1    1   38    1    1    1    1    1  3.89701E+14 0.00238 
   39    1    1    1   39    1    1    1    1    1  1.42262E+15 0.00140 
   40    1    1    1   40    1    1    1    1    1  2.76296E+15 0.00090 
   41    1    1    1   41    1    1    1    1    1  3.43719E+15 0.00077 
   42    1    1    1   42    1    1    1    1    1  3.16441E+15 0.00081 
   43    1    1    1   43    1    1    1    1    1  2.02175E+15 0.00121 
   44    1    1    1   44    1    1    1    1    1  7.27384E+14 0.00188 
   45    1    1    1   45    1    1    1    1    1  1.40747E+14 0.00387 
   46    1    1    1   46    1    1    1    1    1  3.92516E+13 0.00611 
   47    1    1    1   47    1    1    1    1    1  2.55967E+14 0.00266 
   48    1    1    1   48    1    1    1    1    1  9.17416E+14 0.00158 
   49    1    1    1   49    1    1    1    1    1  1.85403E+15 0.00110 
   50    1    1    1   50    1    1    1    1    1  2.39028E+15 0.00094 
   51    1    1    1   51    1    1    1    1    1  2.16831E+15 0.00099 
   52    1    1    1   52    1    1    1    1    1  1.32491E+15 0.00132 
   53    1    1    1   53    1    1    1    1    1  4.71390E+14 0.00216 
   54    1    1    1   54    1    1    1    1    1  9.55700E+13 0.00424 
   55    1    1    1   55    1    1    1    1    1  2.42642E+13 0.00755 
   56    1    1    1   56    1    1    1    1    1  1.52171E+14 0.00335 
   57    1    1    1   57    1    1    1    1    1  5.39437E+14 0.00188 
   58    1    1    1   58    1    1    1    1    1  1.13279E+15 0.00130 
   59    1    1    1   59    1    1    1    1    1  1.50277E+15 0.00115 
   60    1    1    1   60    1    1    1    1    1  1.34334E+15 0.00123 
   61    1    1    1   61    1    1    1    1    1  7.88951E+14 0.00159 
   62    1    1    1   62    1    1    1    1    1  2.77661E+14 0.00259 
   63    1    1    1   63    1    1    1    1    1  5.91525E+13 0.00499 
   64    1    1    1   64    1    1    1    1    1  1.43378E+13 0.00956 
   65    1    1    1   65    1    1    1    1    1  8.54303E+13 0.00419 
   66    1    1    1   66    1    1    1    1    1  2.95488E+14 0.00244 
   67    1    1    1   67    1    1    1    1    1  6.26232E+14 0.00170 
   68    1    1    1   68    1    1    1    1    1  8.43057E+14 0.00153 
   69    1    1    1   69    1    1    1    1    1  7.48785E+14 0.00159 
   70    1    1    1   70    1    1    1    1    1  4.32163E+14 0.00196 
   71    1    1    1   71    1    1    1    1    1  1.53696E+14 0.00322 
   72    1    1    1   72    1    1    1    1    1  3.45917E+13 0.00598 
   73    1    1    1   73    1    1    1    1    1  8.09672E+12 0.01223 
   74    1    1    1   74    1    1    1    1    1  4.62701E+13 0.00532 
   75    1    1    1   75    1    1    1    1    1  1.55759E+14 0.00309 
   76    1    1    1   76    1    1    1    1    1  3.28758E+14 0.00210 
   77    1    1    1   77    1    1    1    1    1  4.45621E+14 0.00188 
   78    1    1    1   78    1    1    1    1    1  3.94837E+14 0.00201 
   79    1    1    1   79    1    1    1    1    1  2.27612E+14 0.00252 
   80    1    1    1   80    1    1    1    1    1  8.22372E+13 0.00409 
   81    1    1    1   81    1    1    1    1    1  1.97380E+13 0.00775 
   82    1    1    1   82    1    1    1    1    1  4.43908E+12 0.01579 
   83    1    1    1   83    1    1    1    1    1  2.42273E+13 0.00703 
   84    1    1    1   84    1    1    1    1    1  7.98725E+13 0.00412 
   85    1    1    1   85    1    1    1    1    1  1.68449E+14 0.00295 
   86    1    1    1   86    1    1    1    1    1  2.28437E+14 0.00246 
   87    1    1    1   87    1    1    1    1    1  2.01892E+14 0.00258 
   88    1    1    1   88    1    1    1    1    1  1.17037E+14 0.00319 
   89    1    1    1   89    1    1    1    1    1  4.31598E+13 0.00556 
   90    1    1    1   90    1    1    1    1    1  1.12324E+13 0.00996 
   91    1    1    1   91    1    1    1    1    1  2.51513E+12 0.02125 
   92    1    1    1   92    1    1    1    1    1  1.28983E+13 0.00944 
   93    1    1    1   93    1    1    1    1    1  4.11270E+13 0.00547 
   94    1    1    1   94    1    1    1    1    1  8.50941E+13 0.00388 
   95    1    1    1   95    1    1    1    1    1  1.15110E+14 0.00318 
   96    1    1    1   96    1    1    1    1    1  1.01660E+14 0.00333 
   97    1    1    1   97    1    1    1    1    1  5.94520E+13 0.00485 
   98    1    1    1   98    1    1    1    1    1  2.26642E+13 0.00703 
   99    1    1    1   99    1    1    1    1    1  6.40590E+12 0.01314 
  100    1    1    1  100    1    1    1    1    1  1.46421E+12 0.02681 
  101    1    1    1  101    1    1    1    1    1  6.96030E+12 0.01203 
  102    1    1    1  102    1    1    1    1    1  2.15264E+13 0.00744 
  103    1    1    1  103    1    1    1    1    1  4.30029E+13 0.00520 
  104    1    1    1  104    1    1    1    1    1  5.81807E+13 0.00434 
  105    1    1    1  105    1    1    1    1    1  5.18078E+13 0.00460 
  106    1    1    1  106    1    1    1    1    1  3.05768E+13 0.00629 
  107    1    1    1  107    1    1    1    1    1  1.22659E+13 0.00939 
  108    1    1    1  108    1    1    1    1    1  3.89374E+12 0.01628 
];


