
DETflux = [
    1    1    1    1    1    1    1    1    1    1  3.30649E+13 0.00874 
    2    1    1    1    2    1    1    1    1    1  2.20900E+14 0.00376 
    3    1    1    1    3    1    1    1    1    1  8.69561E+14 0.00217 
    4    1    1    1    4    1    1    1    1    1  2.04096E+15 0.00154 
    5    1    1    1    5    1    1    1    1    1  2.88393E+15 0.00134 
    6    1    1    1    6    1    1    1    1    1  2.51540E+15 0.00137 
    7    1    1    1    7    1    1    1    1    1  1.33851E+15 0.00180 
    8    1    1    1    8    1    1    1    1    1  4.25383E+14 0.00281 
    9    1    1    1    9    1    1    1    1    1  8.65298E+13 0.00556 
   10    1    1    1   10    1    1    1    1    1  6.30162E+13 0.00572 
   11    1    1    1   11    1    1    1    1    1  4.34911E+14 0.00251 
   12    1    1    1   12    1    1    1    1    1  1.66921E+15 0.00139 
   13    1    1    1   13    1    1    1    1    1  3.60963E+15 0.00090 
   14    1    1    1   14    1    1    1    1    1  4.78632E+15 0.00081 
   15    1    1    1   15    1    1    1    1    1  4.29483E+15 0.00084 
   16    1    1    1   16    1    1    1    1    1  2.50572E+15 0.00109 
   17    1    1    1   17    1    1    1    1    1  8.34882E+14 0.00186 
   18    1    1    1   18    1    1    1    1    1  1.60415E+14 0.00375 
   19    1    1    1   19    1    1    1    1    1  7.69925E+13 0.00505 
   20    1    1    1   20    1    1    1    1    1  5.30584E+14 0.00224 
   21    1    1    1   21    1    1    1    1    1  1.96141E+15 0.00122 
   22    1    1    1   22    1    1    1    1    1  3.93716E+15 0.00081 
   23    1    1    1   23    1    1    1    1    1  4.95979E+15 0.00068 
   24    1    1    1   24    1    1    1    1    1  4.54300E+15 0.00078 
   25    1    1    1   25    1    1    1    1    1  2.85344E+15 0.00100 
   26    1    1    1   26    1    1    1    1    1  1.00657E+15 0.00168 
   27    1    1    1   27    1    1    1    1    1  1.95490E+14 0.00335 
   28    1    1    1   28    1    1    1    1    1  7.42349E+13 0.00495 
   29    1    1    1   29    1    1    1    1    1  5.05669E+14 0.00204 
   30    1    1    1   30    1    1    1    1    1  1.80639E+15 0.00120 
   31    1    1    1   31    1    1    1    1    1  3.42611E+15 0.00084 
   32    1    1    1   32    1    1    1    1    1  4.18673E+15 0.00072 
   33    1    1    1   33    1    1    1    1    1  3.88290E+15 0.00076 
   34    1    1    1   34    1    1    1    1    1  2.55090E+15 0.00099 
   35    1    1    1   35    1    1    1    1    1  9.44960E+14 0.00164 
   36    1    1    1   36    1    1    1    1    1  1.86133E+14 0.00341 
   37    1    1    1   37    1    1    1    1    1  6.00078E+13 0.00525 
   38    1    1    1   38    1    1    1    1    1  3.96955E+14 0.00241 
   39    1    1    1   39    1    1    1    1    1  1.39147E+15 0.00131 
   40    1    1    1   40    1    1    1    1    1  2.60210E+15 0.00091 
   41    1    1    1   41    1    1    1    1    1  3.17871E+15 0.00081 
   42    1    1    1   42    1    1    1    1    1  2.94445E+15 0.00088 
   43    1    1    1   43    1    1    1    1    1  1.94511E+15 0.00104 
   44    1    1    1   44    1    1    1    1    1  7.33669E+14 0.00182 
   45    1    1    1   45    1    1    1    1    1  1.48385E+14 0.00344 
   46    1    1    1   46    1    1    1    1    1  4.15267E+13 0.00604 
   47    1    1    1   47    1    1    1    1    1  2.61183E+14 0.00274 
   48    1    1    1   48    1    1    1    1    1  9.05315E+14 0.00153 
   49    1    1    1   49    1    1    1    1    1  1.77485E+15 0.00108 
   50    1    1    1   50    1    1    1    1    1  2.24705E+15 0.00097 
   51    1    1    1   51    1    1    1    1    1  2.05122E+15 0.00103 
   52    1    1    1   52    1    1    1    1    1  1.28398E+15 0.00133 
   53    1    1    1   53    1    1    1    1    1  4.75974E+14 0.00208 
   54    1    1    1   54    1    1    1    1    1  1.00412E+14 0.00411 
   55    1    1    1   55    1    1    1    1    1  2.55341E+13 0.00730 
   56    1    1    1   56    1    1    1    1    1  1.56083E+14 0.00330 
   57    1    1    1   57    1    1    1    1    1  5.36532E+14 0.00196 
   58    1    1    1   58    1    1    1    1    1  1.09995E+15 0.00132 
   59    1    1    1   59    1    1    1    1    1  1.43978E+15 0.00116 
   60    1    1    1   60    1    1    1    1    1  1.29577E+15 0.00130 
   61    1    1    1   61    1    1    1    1    1  7.73981E+14 0.00172 
   62    1    1    1   62    1    1    1    1    1  2.82205E+14 0.00256 
   63    1    1    1   63    1    1    1    1    1  6.17901E+13 0.00515 
   64    1    1    1   64    1    1    1    1    1  1.52347E+13 0.00930 
   65    1    1    1   65    1    1    1    1    1  8.79383E+13 0.00413 
   66    1    1    1   66    1    1    1    1    1  2.97017E+14 0.00244 
   67    1    1    1   67    1    1    1    1    1  6.17766E+14 0.00170 
   68    1    1    1   68    1    1    1    1    1  8.23807E+14 0.00153 
   69    1    1    1   69    1    1    1    1    1  7.35619E+14 0.00162 
   70    1    1    1   70    1    1    1    1    1  4.31579E+14 0.00207 
   71    1    1    1   71    1    1    1    1    1  1.57121E+14 0.00303 
   72    1    1    1   72    1    1    1    1    1  3.67500E+13 0.00601 
   73    1    1    1   73    1    1    1    1    1  8.65831E+12 0.01142 
   74    1    1    1   74    1    1    1    1    1  4.77868E+13 0.00551 
   75    1    1    1   75    1    1    1    1    1  1.58262E+14 0.00308 
   76    1    1    1   76    1    1    1    1    1  3.29965E+14 0.00217 
   77    1    1    1   77    1    1    1    1    1  4.43289E+14 0.00183 
   78    1    1    1   78    1    1    1    1    1  3.93238E+14 0.00203 
   79    1    1    1   79    1    1    1    1    1  2.29969E+14 0.00261 
   80    1    1    1   80    1    1    1    1    1  8.44177E+13 0.00405 
   81    1    1    1   81    1    1    1    1    1  2.09973E+13 0.00779 
   82    1    1    1   82    1    1    1    1    1  4.67019E+12 0.01471 
   83    1    1    1   83    1    1    1    1    1  2.53968E+13 0.00709 
   84    1    1    1   84    1    1    1    1    1  8.29447E+13 0.00402 
   85    1    1    1   85    1    1    1    1    1  1.70827E+14 0.00279 
   86    1    1    1   86    1    1    1    1    1  2.29583E+14 0.00253 
   87    1    1    1   87    1    1    1    1    1  2.03579E+14 0.00258 
   88    1    1    1   88    1    1    1    1    1  1.18695E+14 0.00324 
   89    1    1    1   89    1    1    1    1    1  4.46091E+13 0.00533 
   90    1    1    1   90    1    1    1    1    1  1.20760E+13 0.00988 
   91    1    1    1   91    1    1    1    1    1  2.58156E+12 0.01954 
   92    1    1    1   92    1    1    1    1    1  1.35267E+13 0.00915 
   93    1    1    1   93    1    1    1    1    1  4.27923E+13 0.00540 
   94    1    1    1   94    1    1    1    1    1  8.70922E+13 0.00373 
   95    1    1    1   95    1    1    1    1    1  1.16701E+14 0.00335 
   96    1    1    1   96    1    1    1    1    1  1.03565E+14 0.00352 
   97    1    1    1   97    1    1    1    1    1  6.04013E+13 0.00428 
   98    1    1    1   98    1    1    1    1    1  2.34983E+13 0.00718 
   99    1    1    1   99    1    1    1    1    1  7.02412E+12 0.01197 
  100    1    1    1  100    1    1    1    1    1  1.51050E+12 0.02562 
  101    1    1    1  101    1    1    1    1    1  7.27262E+12 0.01199 
  102    1    1    1  102    1    1    1    1    1  2.25484E+13 0.00718 
  103    1    1    1  103    1    1    1    1    1  4.46813E+13 0.00490 
  104    1    1    1  104    1    1    1    1    1  5.94978E+13 0.00423 
  105    1    1    1  105    1    1    1    1    1  5.27665E+13 0.00467 
  106    1    1    1  106    1    1    1    1    1  3.13162E+13 0.00597 
  107    1    1    1  107    1    1    1    1    1  1.27078E+13 0.00911 
  108    1    1    1  108    1    1    1    1    1  4.17109E+12 0.01482 
];


