
DETflux = [
    1    1    1    1    1    1    1    1    1    1  3.37109E+13 0.00899 
    2    1    1    1    2    1    1    1    1    1  2.21232E+14 0.00373 
    3    1    1    1    3    1    1    1    1    1  8.69753E+14 0.00213 
    4    1    1    1    4    1    1    1    1    1  2.04651E+15 0.00152 
    5    1    1    1    5    1    1    1    1    1  2.91207E+15 0.00131 
    6    1    1    1    6    1    1    1    1    1  2.53377E+15 0.00126 
    7    1    1    1    7    1    1    1    1    1  1.33700E+15 0.00176 
    8    1    1    1    8    1    1    1    1    1  4.25982E+14 0.00281 
    9    1    1    1    9    1    1    1    1    1  8.66682E+13 0.00578 
   10    1    1    1   10    1    1    1    1    1  6.31258E+13 0.00563 
   11    1    1    1   11    1    1    1    1    1  4.33603E+14 0.00256 
   12    1    1    1   12    1    1    1    1    1  1.67149E+15 0.00138 
   13    1    1    1   13    1    1    1    1    1  3.63001E+15 0.00103 
   14    1    1    1   14    1    1    1    1    1  4.81008E+15 0.00083 
   15    1    1    1   15    1    1    1    1    1  4.30208E+15 0.00088 
   16    1    1    1   16    1    1    1    1    1  2.50169E+15 0.00126 
   17    1    1    1   17    1    1    1    1    1  8.31337E+14 0.00193 
   18    1    1    1   18    1    1    1    1    1  1.60050E+14 0.00396 
   19    1    1    1   19    1    1    1    1    1  7.70823E+13 0.00497 
   20    1    1    1   20    1    1    1    1    1  5.28934E+14 0.00216 
   21    1    1    1   21    1    1    1    1    1  1.96566E+15 0.00124 
   22    1    1    1   22    1    1    1    1    1  3.94793E+15 0.00088 
   23    1    1    1   23    1    1    1    1    1  4.97499E+15 0.00071 
   24    1    1    1   24    1    1    1    1    1  4.55012E+15 0.00075 
   25    1    1    1   25    1    1    1    1    1  2.84252E+15 0.00100 
   26    1    1    1   26    1    1    1    1    1  1.00046E+15 0.00169 
   27    1    1    1   27    1    1    1    1    1  1.93128E+14 0.00336 
   28    1    1    1   28    1    1    1    1    1  7.44053E+13 0.00493 
   29    1    1    1   29    1    1    1    1    1  5.02295E+14 0.00226 
   30    1    1    1   30    1    1    1    1    1  1.80693E+15 0.00126 
   31    1    1    1   31    1    1    1    1    1  3.42808E+15 0.00090 
   32    1    1    1   32    1    1    1    1    1  4.17904E+15 0.00070 
   33    1    1    1   33    1    1    1    1    1  3.87411E+15 0.00076 
   34    1    1    1   34    1    1    1    1    1  2.54464E+15 0.00098 
   35    1    1    1   35    1    1    1    1    1  9.39477E+14 0.00162 
   36    1    1    1   36    1    1    1    1    1  1.84447E+14 0.00316 
   37    1    1    1   37    1    1    1    1    1  5.92292E+13 0.00492 
   38    1    1    1   38    1    1    1    1    1  3.92456E+14 0.00233 
   39    1    1    1   39    1    1    1    1    1  1.38677E+15 0.00139 
   40    1    1    1   40    1    1    1    1    1  2.59868E+15 0.00097 
   41    1    1    1   41    1    1    1    1    1  3.16403E+15 0.00082 
   42    1    1    1   42    1    1    1    1    1  2.94005E+15 0.00086 
   43    1    1    1   43    1    1    1    1    1  1.93747E+15 0.00112 
   44    1    1    1   44    1    1    1    1    1  7.28168E+14 0.00178 
   45    1    1    1   45    1    1    1    1    1  1.46719E+14 0.00354 
   46    1    1    1   46    1    1    1    1    1  4.09889E+13 0.00614 
   47    1    1    1   47    1    1    1    1    1  2.58404E+14 0.00280 
   48    1    1    1   48    1    1    1    1    1  9.02138E+14 0.00163 
   49    1    1    1   49    1    1    1    1    1  1.77241E+15 0.00114 
   50    1    1    1   50    1    1    1    1    1  2.24174E+15 0.00100 
   51    1    1    1   51    1    1    1    1    1  2.04404E+15 0.00105 
   52    1    1    1   52    1    1    1    1    1  1.28189E+15 0.00133 
   53    1    1    1   53    1    1    1    1    1  4.73135E+14 0.00205 
   54    1    1    1   54    1    1    1    1    1  1.00021E+14 0.00407 
   55    1    1    1   55    1    1    1    1    1  2.54801E+13 0.00759 
   56    1    1    1   56    1    1    1    1    1  1.53795E+14 0.00335 
   57    1    1    1   57    1    1    1    1    1  5.35763E+14 0.00195 
   58    1    1    1   58    1    1    1    1    1  1.09760E+15 0.00135 
   59    1    1    1   59    1    1    1    1    1  1.43617E+15 0.00122 
   60    1    1    1   60    1    1    1    1    1  1.28848E+15 0.00129 
   61    1    1    1   61    1    1    1    1    1  7.72133E+14 0.00167 
   62    1    1    1   62    1    1    1    1    1  2.81005E+14 0.00256 
   63    1    1    1   63    1    1    1    1    1  6.19645E+13 0.00494 
   64    1    1    1   64    1    1    1    1    1  1.49176E+13 0.00958 
   65    1    1    1   65    1    1    1    1    1  8.67814E+13 0.00413 
   66    1    1    1   66    1    1    1    1    1  2.96439E+14 0.00233 
   67    1    1    1   67    1    1    1    1    1  6.15911E+14 0.00173 
   68    1    1    1   68    1    1    1    1    1  8.20229E+14 0.00152 
   69    1    1    1   69    1    1    1    1    1  7.30650E+14 0.00158 
   70    1    1    1   70    1    1    1    1    1  4.28671E+14 0.00202 
   71    1    1    1   71    1    1    1    1    1  1.56183E+14 0.00316 
   72    1    1    1   72    1    1    1    1    1  3.62748E+13 0.00613 
   73    1    1    1   73    1    1    1    1    1  8.43718E+12 0.01192 
   74    1    1    1   74    1    1    1    1    1  4.72488E+13 0.00560 
   75    1    1    1   75    1    1    1    1    1  1.57325E+14 0.00296 
   76    1    1    1   76    1    1    1    1    1  3.28567E+14 0.00225 
   77    1    1    1   77    1    1    1    1    1  4.40110E+14 0.00192 
   78    1    1    1   78    1    1    1    1    1  3.90555E+14 0.00206 
   79    1    1    1   79    1    1    1    1    1  2.27965E+14 0.00264 
   80    1    1    1   80    1    1    1    1    1  8.42532E+13 0.00394 
   81    1    1    1   81    1    1    1    1    1  2.04341E+13 0.00800 
   82    1    1    1   82    1    1    1    1    1  4.85957E+12 0.01568 
   83    1    1    1   83    1    1    1    1    1  2.54915E+13 0.00692 
   84    1    1    1   84    1    1    1    1    1  8.21362E+13 0.00412 
   85    1    1    1   85    1    1    1    1    1  1.69943E+14 0.00288 
   86    1    1    1   86    1    1    1    1    1  2.28767E+14 0.00256 
   87    1    1    1   87    1    1    1    1    1  2.02800E+14 0.00271 
   88    1    1    1   88    1    1    1    1    1  1.18416E+14 0.00340 
   89    1    1    1   89    1    1    1    1    1  4.43450E+13 0.00531 
   90    1    1    1   90    1    1    1    1    1  1.16614E+13 0.00998 
   91    1    1    1   91    1    1    1    1    1  2.68377E+12 0.01980 
   92    1    1    1   92    1    1    1    1    1  1.34383E+13 0.00903 
   93    1    1    1   93    1    1    1    1    1  4.21900E+13 0.00519 
   94    1    1    1   94    1    1    1    1    1  8.65449E+13 0.00393 
   95    1    1    1   95    1    1    1    1    1  1.16503E+14 0.00336 
   96    1    1    1   96    1    1    1    1    1  1.03510E+14 0.00354 
   97    1    1    1   97    1    1    1    1    1  6.08638E+13 0.00462 
   98    1    1    1   98    1    1    1    1    1  2.32365E+13 0.00695 
   99    1    1    1   99    1    1    1    1    1  6.82121E+12 0.01233 
  100    1    1    1  100    1    1    1    1    1  1.58704E+12 0.02566 
  101    1    1    1  101    1    1    1    1    1  7.36471E+12 0.01198 
  102    1    1    1  102    1    1    1    1    1  2.21282E+13 0.00694 
  103    1    1    1  103    1    1    1    1    1  4.43885E+13 0.00515 
  104    1    1    1  104    1    1    1    1    1  5.92145E+13 0.00439 
  105    1    1    1  105    1    1    1    1    1  5.25369E+13 0.00477 
  106    1    1    1  106    1    1    1    1    1  3.16965E+13 0.00632 
  107    1    1    1  107    1    1    1    1    1  1.26472E+13 0.00936 
  108    1    1    1  108    1    1    1    1    1  4.21705E+12 0.01541 
];


