
DETflux = [
    1    1    1    1    1    1    1    1    1    1  3.43686E+13 0.00862 
    2    1    1    1    2    1    1    1    1    1  2.23613E+14 0.00365 
    3    1    1    1    3    1    1    1    1    1  8.76638E+14 0.00211 
    4    1    1    1    4    1    1    1    1    1  2.05789E+15 0.00151 
    5    1    1    1    5    1    1    1    1    1  2.91202E+15 0.00130 
    6    1    1    1    6    1    1    1    1    1  2.53082E+15 0.00138 
    7    1    1    1    7    1    1    1    1    1  1.34380E+15 0.00177 
    8    1    1    1    8    1    1    1    1    1  4.27149E+14 0.00297 
    9    1    1    1    9    1    1    1    1    1  8.53894E+13 0.00561 
   10    1    1    1   10    1    1    1    1    1  6.45217E+13 0.00586 
   11    1    1    1   11    1    1    1    1    1  4.39854E+14 0.00256 
   12    1    1    1   12    1    1    1    1    1  1.68589E+15 0.00145 
   13    1    1    1   13    1    1    1    1    1  3.64153E+15 0.00100 
   14    1    1    1   14    1    1    1    1    1  4.80346E+15 0.00085 
   15    1    1    1   15    1    1    1    1    1  4.29888E+15 0.00089 
   16    1    1    1   16    1    1    1    1    1  2.50041E+15 0.00128 
   17    1    1    1   17    1    1    1    1    1  8.32088E+14 0.00204 
   18    1    1    1   18    1    1    1    1    1  1.59065E+14 0.00380 
   19    1    1    1   19    1    1    1    1    1  7.85239E+13 0.00495 
   20    1    1    1   20    1    1    1    1    1  5.38675E+14 0.00220 
   21    1    1    1   21    1    1    1    1    1  1.98315E+15 0.00135 
   22    1    1    1   22    1    1    1    1    1  3.96032E+15 0.00084 
   23    1    1    1   23    1    1    1    1    1  4.97279E+15 0.00068 
   24    1    1    1   24    1    1    1    1    1  4.53203E+15 0.00074 
   25    1    1    1   25    1    1    1    1    1  2.83504E+15 0.00106 
   26    1    1    1   26    1    1    1    1    1  9.97452E+14 0.00171 
   27    1    1    1   27    1    1    1    1    1  1.92350E+14 0.00330 
   28    1    1    1   28    1    1    1    1    1  7.53122E+13 0.00525 
   29    1    1    1   29    1    1    1    1    1  5.09749E+14 0.00224 
   30    1    1    1   30    1    1    1    1    1  1.81751E+15 0.00136 
   31    1    1    1   31    1    1    1    1    1  3.43962E+15 0.00090 
   32    1    1    1   32    1    1    1    1    1  4.17281E+15 0.00069 
   33    1    1    1   33    1    1    1    1    1  3.85610E+15 0.00076 
   34    1    1    1   34    1    1    1    1    1  2.53571E+15 0.00105 
   35    1    1    1   35    1    1    1    1    1  9.32679E+14 0.00165 
   36    1    1    1   36    1    1    1    1    1  1.83838E+14 0.00347 
   37    1    1    1   37    1    1    1    1    1  5.97557E+13 0.00533 
   38    1    1    1   38    1    1    1    1    1  3.97904E+14 0.00246 
   39    1    1    1   39    1    1    1    1    1  1.39435E+15 0.00142 
   40    1    1    1   40    1    1    1    1    1  2.61169E+15 0.00099 
   41    1    1    1   41    1    1    1    1    1  3.16881E+15 0.00079 
   42    1    1    1   42    1    1    1    1    1  2.92319E+15 0.00090 
   43    1    1    1   43    1    1    1    1    1  1.92733E+15 0.00112 
   44    1    1    1   44    1    1    1    1    1  7.23411E+14 0.00178 
   45    1    1    1   45    1    1    1    1    1  1.46030E+14 0.00371 
   46    1    1    1   46    1    1    1    1    1  4.09544E+13 0.00608 
   47    1    1    1   47    1    1    1    1    1  2.61057E+14 0.00280 
   48    1    1    1   48    1    1    1    1    1  9.06108E+14 0.00159 
   49    1    1    1   49    1    1    1    1    1  1.77821E+15 0.00119 
   50    1    1    1   50    1    1    1    1    1  2.24242E+15 0.00096 
   51    1    1    1   51    1    1    1    1    1  2.03075E+15 0.00109 
   52    1    1    1   52    1    1    1    1    1  1.27224E+15 0.00137 
   53    1    1    1   53    1    1    1    1    1  4.71365E+14 0.00216 
   54    1    1    1   54    1    1    1    1    1  9.85813E+13 0.00422 
   55    1    1    1   55    1    1    1    1    1  2.55943E+13 0.00712 
   56    1    1    1   56    1    1    1    1    1  1.56051E+14 0.00338 
   57    1    1    1   57    1    1    1    1    1  5.37022E+14 0.00193 
   58    1    1    1   58    1    1    1    1    1  1.10192E+15 0.00137 
   59    1    1    1   59    1    1    1    1    1  1.44029E+15 0.00117 
   60    1    1    1   60    1    1    1    1    1  1.28289E+15 0.00131 
   61    1    1    1   61    1    1    1    1    1  7.67968E+14 0.00163 
   62    1    1    1   62    1    1    1    1    1  2.79173E+14 0.00248 
   63    1    1    1   63    1    1    1    1    1  6.14005E+13 0.00506 
   64    1    1    1   64    1    1    1    1    1  1.49399E+13 0.00883 
   65    1    1    1   65    1    1    1    1    1  8.87949E+13 0.00409 
   66    1    1    1   66    1    1    1    1    1  2.97383E+14 0.00244 
   67    1    1    1   67    1    1    1    1    1  6.19185E+14 0.00165 
   68    1    1    1   68    1    1    1    1    1  8.24096E+14 0.00150 
   69    1    1    1   69    1    1    1    1    1  7.27640E+14 0.00162 
   70    1    1    1   70    1    1    1    1    1  4.27205E+14 0.00202 
   71    1    1    1   71    1    1    1    1    1  1.56012E+14 0.00302 
   72    1    1    1   72    1    1    1    1    1  3.63540E+13 0.00610 
   73    1    1    1   73    1    1    1    1    1  8.46771E+12 0.01180 
   74    1    1    1   74    1    1    1    1    1  4.81405E+13 0.00502 
   75    1    1    1   75    1    1    1    1    1  1.57690E+14 0.00309 
   76    1    1    1   76    1    1    1    1    1  3.29164E+14 0.00212 
   77    1    1    1   77    1    1    1    1    1  4.43704E+14 0.00190 
   78    1    1    1   78    1    1    1    1    1  3.89944E+14 0.00206 
   79    1    1    1   79    1    1    1    1    1  2.27688E+14 0.00249 
   80    1    1    1   80    1    1    1    1    1  8.37258E+13 0.00397 
   81    1    1    1   81    1    1    1    1    1  2.05415E+13 0.00779 
   82    1    1    1   82    1    1    1    1    1  4.73053E+12 0.01478 
   83    1    1    1   83    1    1    1    1    1  2.57575E+13 0.00682 
   84    1    1    1   84    1    1    1    1    1  8.26081E+13 0.00390 
   85    1    1    1   85    1    1    1    1    1  1.70563E+14 0.00280 
   86    1    1    1   86    1    1    1    1    1  2.29628E+14 0.00250 
   87    1    1    1   87    1    1    1    1    1  2.02418E+14 0.00263 
   88    1    1    1   88    1    1    1    1    1  1.18495E+14 0.00329 
   89    1    1    1   89    1    1    1    1    1  4.40024E+13 0.00522 
   90    1    1    1   90    1    1    1    1    1  1.17678E+13 0.00999 
   91    1    1    1   91    1    1    1    1    1  2.62292E+12 0.01942 
   92    1    1    1   92    1    1    1    1    1  1.35501E+13 0.00908 
   93    1    1    1   93    1    1    1    1    1  4.24318E+13 0.00516 
   94    1    1    1   94    1    1    1    1    1  8.72794E+13 0.00376 
   95    1    1    1   95    1    1    1    1    1  1.17095E+14 0.00316 
   96    1    1    1   96    1    1    1    1    1  1.03086E+14 0.00339 
   97    1    1    1   97    1    1    1    1    1  6.01291E+13 0.00448 
   98    1    1    1   98    1    1    1    1    1  2.32128E+13 0.00724 
   99    1    1    1   99    1    1    1    1    1  6.91920E+12 0.01239 
  100    1    1    1  100    1    1    1    1    1  1.56968E+12 0.02717 
  101    1    1    1  101    1    1    1    1    1  7.41381E+12 0.01213 
  102    1    1    1  102    1    1    1    1    1  2.21951E+13 0.00708 
  103    1    1    1  103    1    1    1    1    1  4.49021E+13 0.00493 
  104    1    1    1  104    1    1    1    1    1  5.94246E+13 0.00439 
  105    1    1    1  105    1    1    1    1    1  5.26227E+13 0.00463 
  106    1    1    1  106    1    1    1    1    1  3.12875E+13 0.00602 
  107    1    1    1  107    1    1    1    1    1  1.23331E+13 0.00925 
  108    1    1    1  108    1    1    1    1    1  4.09738E+12 0.01552 
];


