
DETflux = [
    1    1    1    1    1    1    1    1    1    1  2.46738E+13 0.00923 
    2    1    1    1    2    1    1    1    1    1  1.61815E+14 0.00410 
    3    1    1    1    3    1    1    1    1    1  6.42495E+14 0.00234 
    4    1    1    1    4    1    1    1    1    1  1.53384E+15 0.00161 
    5    1    1    1    5    1    1    1    1    1  2.18591E+15 0.00136 
    6    1    1    1    6    1    1    1    1    1  1.89082E+15 0.00150 
    7    1    1    1    7    1    1    1    1    1  9.95378E+14 0.00203 
    8    1    1    1    8    1    1    1    1    1  3.11491E+14 0.00333 
    9    1    1    1    9    1    1    1    1    1  6.29322E+13 0.00663 
   10    1    1    1   10    1    1    1    1    1  5.21324E+13 0.00652 
   11    1    1    1   11    1    1    1    1    1  3.68469E+14 0.00272 
   12    1    1    1   12    1    1    1    1    1  1.50187E+15 0.00151 
   13    1    1    1   13    1    1    1    1    1  3.48747E+15 0.00100 
   14    1    1    1   14    1    1    1    1    1  4.78915E+15 0.00073 
   15    1    1    1   15    1    1    1    1    1  4.21059E+15 0.00094 
   16    1    1    1   16    1    1    1    1    1  2.29543E+15 0.00132 
   17    1    1    1   17    1    1    1    1    1  7.16875E+14 0.00220 
   18    1    1    1   18    1    1    1    1    1  1.31861E+14 0.00444 
   19    1    1    1   19    1    1    1    1    1  6.70369E+13 0.00549 
   20    1    1    1   20    1    1    1    1    1  4.83482E+14 0.00233 
   21    1    1    1   21    1    1    1    1    1  1.93202E+15 0.00128 
   22    1    1    1   22    1    1    1    1    1  4.23008E+15 0.00085 
   23    1    1    1   23    1    1    1    1    1  5.58454E+15 0.00062 
   24    1    1    1   24    1    1    1    1    1  4.99304E+15 0.00070 
   25    1    1    1   25    1    1    1    1    1  2.88096E+15 0.00099 
   26    1    1    1   26    1    1    1    1    1  9.32958E+14 0.00181 
   27    1    1    1   27    1    1    1    1    1  1.68827E+14 0.00377 
   28    1    1    1   28    1    1    1    1    1  6.73578E+13 0.00523 
   29    1    1    1   29    1    1    1    1    1  4.82112E+14 0.00222 
   30    1    1    1   30    1    1    1    1    1  1.86966E+15 0.00124 
   31    1    1    1   31    1    1    1    1    1  3.86795E+15 0.00084 
   32    1    1    1   32    1    1    1    1    1  4.94530E+15 0.00064 
   33    1    1    1   33    1    1    1    1    1  4.48205E+15 0.00074 
   34    1    1    1   34    1    1    1    1    1  2.71520E+15 0.00096 
   35    1    1    1   35    1    1    1    1    1  9.16428E+14 0.00176 
   36    1    1    1   36    1    1    1    1    1  1.68512E+14 0.00354 
   37    1    1    1   37    1    1    1    1    1  5.51170E+13 0.00560 
   38    1    1    1   38    1    1    1    1    1  3.84656E+14 0.00239 
   39    1    1    1   39    1    1    1    1    1  1.45464E+15 0.00135 
   40    1    1    1   40    1    1    1    1    1  2.95518E+15 0.00088 
   41    1    1    1   41    1    1    1    1    1  3.74514E+15 0.00075 
   42    1    1    1   42    1    1    1    1    1  3.40207E+15 0.00084 
   43    1    1    1   43    1    1    1    1    1  2.09265E+15 0.00110 
   44    1    1    1   44    1    1    1    1    1  7.23075E+14 0.00189 
   45    1    1    1   45    1    1    1    1    1  1.36301E+14 0.00368 
   46    1    1    1   46    1    1    1    1    1  3.81474E+13 0.00650 
   47    1    1    1   47    1    1    1    1    1  2.53589E+14 0.00287 
   48    1    1    1   48    1    1    1    1    1  9.32229E+14 0.00150 
   49    1    1    1   49    1    1    1    1    1  1.95598E+15 0.00100 
   50    1    1    1   50    1    1    1    1    1  2.55595E+15 0.00092 
   51    1    1    1   51    1    1    1    1    1  2.28642E+15 0.00095 
   52    1    1    1   52    1    1    1    1    1  1.35444E+15 0.00127 
   53    1    1    1   53    1    1    1    1    1  4.68320E+14 0.00198 
   54    1    1    1   54    1    1    1    1    1  9.24172E+13 0.00410 
   55    1    1    1   55    1    1    1    1    1  2.37054E+13 0.00753 
   56    1    1    1   56    1    1    1    1    1  1.50368E+14 0.00344 
   57    1    1    1   57    1    1    1    1    1  5.43696E+14 0.00192 
   58    1    1    1   58    1    1    1    1    1  1.17030E+15 0.00123 
   59    1    1    1   59    1    1    1    1    1  1.57323E+15 0.00113 
   60    1    1    1   60    1    1    1    1    1  1.38945E+15 0.00117 
   61    1    1    1   61    1    1    1    1    1  7.97297E+14 0.00161 
   62    1    1    1   62    1    1    1    1    1  2.73480E+14 0.00243 
   63    1    1    1   63    1    1    1    1    1  5.60679E+13 0.00506 
   64    1    1    1   64    1    1    1    1    1  1.38512E+13 0.00948 
   65    1    1    1   65    1    1    1    1    1  8.34251E+13 0.00430 
   66    1    1    1   66    1    1    1    1    1  2.94402E+14 0.00244 
   67    1    1    1   67    1    1    1    1    1  6.35520E+14 0.00161 
   68    1    1    1   68    1    1    1    1    1  8.64905E+14 0.00145 
   69    1    1    1   69    1    1    1    1    1  7.60264E+14 0.00153 
   70    1    1    1   70    1    1    1    1    1  4.32484E+14 0.00199 
   71    1    1    1   71    1    1    1    1    1  1.50372E+14 0.00321 
   72    1    1    1   72    1    1    1    1    1  3.30838E+13 0.00648 
   73    1    1    1   73    1    1    1    1    1  7.75496E+12 0.01195 
   74    1    1    1   74    1    1    1    1    1  4.46574E+13 0.00537 
   75    1    1    1   75    1    1    1    1    1  1.53247E+14 0.00311 
   76    1    1    1   76    1    1    1    1    1  3.29445E+14 0.00215 
   77    1    1    1   77    1    1    1    1    1  4.49591E+14 0.00190 
   78    1    1    1   78    1    1    1    1    1  3.95356E+14 0.00205 
   79    1    1    1   79    1    1    1    1    1  2.23873E+14 0.00266 
   80    1    1    1   80    1    1    1    1    1  7.94680E+13 0.00410 
   81    1    1    1   81    1    1    1    1    1  1.88507E+13 0.00824 
   82    1    1    1   82    1    1    1    1    1  4.32008E+12 0.01611 
   83    1    1    1   83    1    1    1    1    1  2.38574E+13 0.00725 
   84    1    1    1   84    1    1    1    1    1  7.87910E+13 0.00404 
   85    1    1    1   85    1    1    1    1    1  1.66891E+14 0.00290 
   86    1    1    1   86    1    1    1    1    1  2.26540E+14 0.00247 
   87    1    1    1   87    1    1    1    1    1  1.99712E+14 0.00260 
   88    1    1    1   88    1    1    1    1    1  1.14108E+14 0.00346 
   89    1    1    1   89    1    1    1    1    1  4.17766E+13 0.00566 
   90    1    1    1   90    1    1    1    1    1  1.06728E+13 0.01039 
   91    1    1    1   91    1    1    1    1    1  2.47090E+12 0.02079 
   92    1    1    1   92    1    1    1    1    1  1.26149E+13 0.00963 
   93    1    1    1   93    1    1    1    1    1  3.98693E+13 0.00521 
   94    1    1    1   94    1    1    1    1    1  8.40298E+13 0.00388 
   95    1    1    1   95    1    1    1    1    1  1.13053E+14 0.00337 
   96    1    1    1   96    1    1    1    1    1  9.97117E+13 0.00351 
   97    1    1    1   97    1    1    1    1    1  5.78310E+13 0.00466 
   98    1    1    1   98    1    1    1    1    1  2.16654E+13 0.00748 
   99    1    1    1   99    1    1    1    1    1  6.00191E+12 0.01340 
  100    1    1    1  100    1    1    1    1    1  1.38342E+12 0.02814 
  101    1    1    1  101    1    1    1    1    1  6.71820E+12 0.01236 
  102    1    1    1  102    1    1    1    1    1  2.08141E+13 0.00747 
  103    1    1    1  103    1    1    1    1    1  4.22044E+13 0.00523 
  104    1    1    1  104    1    1    1    1    1  5.67733E+13 0.00469 
  105    1    1    1  105    1    1    1    1    1  5.05210E+13 0.00491 
  106    1    1    1  106    1    1    1    1    1  2.95939E+13 0.00613 
  107    1    1    1  107    1    1    1    1    1  1.12701E+13 0.00962 
  108    1    1    1  108    1    1    1    1    1  3.57227E+12 0.01725 
];


