
DETflux = [
    1    1    1    1    1    1    1    1    1    1  2.13979E+13 0.01052 
    2    1    1    1    2    1    1    1    1    1  1.39332E+14 0.00478 
    3    1    1    1    3    1    1    1    1    1  5.55677E+14 0.00240 
    4    1    1    1    4    1    1    1    1    1  1.34103E+15 0.00173 
    5    1    1    1    5    1    1    1    1    1  1.93029E+15 0.00141 
    6    1    1    1    6    1    1    1    1    1  1.66592E+15 0.00157 
    7    1    1    1    7    1    1    1    1    1  8.62416E+14 0.00213 
    8    1    1    1    8    1    1    1    1    1  2.65469E+14 0.00347 
    9    1    1    1    9    1    1    1    1    1  5.36448E+13 0.00692 
   10    1    1    1   10    1    1    1    1    1  4.68158E+13 0.00675 
   11    1    1    1   11    1    1    1    1    1  3.35783E+14 0.00289 
   12    1    1    1   12    1    1    1    1    1  1.40401E+15 0.00164 
   13    1    1    1   13    1    1    1    1    1  3.38512E+15 0.00103 
   14    1    1    1   14    1    1    1    1    1  4.77088E+15 0.00083 
   15    1    1    1   15    1    1    1    1    1  4.15781E+15 0.00092 
   16    1    1    1   16    1    1    1    1    1  2.18898E+15 0.00130 
   17    1    1    1   17    1    1    1    1    1  6.57380E+14 0.00219 
   18    1    1    1   18    1    1    1    1    1  1.18662E+14 0.00468 
   19    1    1    1   19    1    1    1    1    1  6.23650E+13 0.00581 
   20    1    1    1   20    1    1    1    1    1  4.57078E+14 0.00234 
   21    1    1    1   21    1    1    1    1    1  1.89235E+15 0.00134 
   22    1    1    1   22    1    1    1    1    1  4.35317E+15 0.00077 
   23    1    1    1   23    1    1    1    1    1  5.92224E+15 0.00065 
   24    1    1    1   24    1    1    1    1    1  5.23765E+15 0.00074 
   25    1    1    1   25    1    1    1    1    1  2.89503E+15 0.00109 
   26    1    1    1   26    1    1    1    1    1  8.93704E+14 0.00180 
   27    1    1    1   27    1    1    1    1    1  1.57789E+14 0.00366 
   28    1    1    1   28    1    1    1    1    1  6.32715E+13 0.00551 
   29    1    1    1   29    1    1    1    1    1  4.68042E+14 0.00236 
   30    1    1    1   30    1    1    1    1    1  1.88581E+15 0.00134 
   31    1    1    1   31    1    1    1    1    1  4.10413E+15 0.00080 
   32    1    1    1   32    1    1    1    1    1  5.38766E+15 0.00060 
   33    1    1    1   33    1    1    1    1    1  4.83641E+15 0.00072 
   34    1    1    1   34    1    1    1    1    1  2.81394E+15 0.00106 
   35    1    1    1   35    1    1    1    1    1  9.01801E+14 0.00174 
   36    1    1    1   36    1    1    1    1    1  1.58932E+14 0.00354 
   37    1    1    1   37    1    1    1    1    1  5.18495E+13 0.00566 
   38    1    1    1   38    1    1    1    1    1  3.80048E+14 0.00253 
   39    1    1    1   39    1    1    1    1    1  1.48895E+15 0.00144 
   40    1    1    1   40    1    1    1    1    1  3.14700E+15 0.00089 
   41    1    1    1   41    1    1    1    1    1  4.08835E+15 0.00069 
   42    1    1    1   42    1    1    1    1    1  3.68146E+15 0.00082 
   43    1    1    1   43    1    1    1    1    1  2.18979E+15 0.00114 
   44    1    1    1   44    1    1    1    1    1  7.20780E+14 0.00188 
   45    1    1    1   45    1    1    1    1    1  1.30273E+14 0.00379 
   46    1    1    1   46    1    1    1    1    1  3.61770E+13 0.00648 
   47    1    1    1   47    1    1    1    1    1  2.49032E+14 0.00278 
   48    1    1    1   48    1    1    1    1    1  9.48279E+14 0.00160 
   49    1    1    1   49    1    1    1    1    1  2.04364E+15 0.00103 
   50    1    1    1   50    1    1    1    1    1  2.72992E+15 0.00085 
   51    1    1    1   51    1    1    1    1    1  2.43005E+15 0.00098 
   52    1    1    1   52    1    1    1    1    1  1.40193E+15 0.00129 
   53    1    1    1   53    1    1    1    1    1  4.67032E+14 0.00221 
   54    1    1    1   54    1    1    1    1    1  8.92635E+13 0.00434 
   55    1    1    1   55    1    1    1    1    1  2.29223E+13 0.00765 
   56    1    1    1   56    1    1    1    1    1  1.46708E+14 0.00358 
   57    1    1    1   57    1    1    1    1    1  5.43416E+14 0.00191 
   58    1    1    1   58    1    1    1    1    1  1.19641E+15 0.00130 
   59    1    1    1   59    1    1    1    1    1  1.63601E+15 0.00112 
   60    1    1    1   60    1    1    1    1    1  1.44596E+15 0.00118 
   61    1    1    1   61    1    1    1    1    1  8.09615E+14 0.00155 
   62    1    1    1   62    1    1    1    1    1  2.71624E+14 0.00263 
   63    1    1    1   63    1    1    1    1    1  5.49637E+13 0.00533 
   64    1    1    1   64    1    1    1    1    1  1.34244E+13 0.00912 
   65    1    1    1   65    1    1    1    1    1  8.09585E+13 0.00418 
   66    1    1    1   66    1    1    1    1    1  2.90336E+14 0.00236 
   67    1    1    1   67    1    1    1    1    1  6.38791E+14 0.00165 
   68    1    1    1   68    1    1    1    1    1  8.79722E+14 0.00148 
   69    1    1    1   69    1    1    1    1    1  7.74767E+14 0.00152 
   70    1    1    1   70    1    1    1    1    1  4.32962E+14 0.00196 
   71    1    1    1   71    1    1    1    1    1  1.48726E+14 0.00332 
   72    1    1    1   72    1    1    1    1    1  3.22738E+13 0.00669 
   73    1    1    1   73    1    1    1    1    1  7.52573E+12 0.01272 
   74    1    1    1   74    1    1    1    1    1  4.35121E+13 0.00585 
   75    1    1    1   75    1    1    1    1    1  1.49194E+14 0.00309 
   76    1    1    1   76    1    1    1    1    1  3.25587E+14 0.00223 
   77    1    1    1   77    1    1    1    1    1  4.47974E+14 0.00195 
   78    1    1    1   78    1    1    1    1    1  3.93868E+14 0.00199 
   79    1    1    1   79    1    1    1    1    1  2.20965E+14 0.00267 
   80    1    1    1   80    1    1    1    1    1  7.79821E+13 0.00423 
   81    1    1    1   81    1    1    1    1    1  1.84055E+13 0.00834 
   82    1    1    1   82    1    1    1    1    1  4.24423E+12 0.01731 
   83    1    1    1   83    1    1    1    1    1  2.28703E+13 0.00773 
   84    1    1    1   84    1    1    1    1    1  7.56625E+13 0.00405 
   85    1    1    1   85    1    1    1    1    1  1.62115E+14 0.00291 
   86    1    1    1   86    1    1    1    1    1  2.23043E+14 0.00256 
   87    1    1    1   87    1    1    1    1    1  1.96188E+14 0.00259 
   88    1    1    1   88    1    1    1    1    1  1.11487E+14 0.00350 
   89    1    1    1   89    1    1    1    1    1  4.01532E+13 0.00553 
   90    1    1    1   90    1    1    1    1    1  1.03070E+13 0.01092 
   91    1    1    1   91    1    1    1    1    1  2.34741E+12 0.02184 
   92    1    1    1   92    1    1    1    1    1  1.19310E+13 0.00978 
   93    1    1    1   93    1    1    1    1    1  3.82804E+13 0.00571 
   94    1    1    1   94    1    1    1    1    1  8.01675E+13 0.00404 
   95    1    1    1   95    1    1    1    1    1  1.09464E+14 0.00345 
   96    1    1    1   96    1    1    1    1    1  9.69934E+13 0.00360 
   97    1    1    1   97    1    1    1    1    1  5.58067E+13 0.00474 
   98    1    1    1   98    1    1    1    1    1  2.06326E+13 0.00747 
   99    1    1    1   99    1    1    1    1    1  5.79335E+12 0.01341 
  100    1    1    1  100    1    1    1    1    1  1.38467E+12 0.02812 
  101    1    1    1  101    1    1    1    1    1  6.41007E+12 0.01349 
  102    1    1    1  102    1    1    1    1    1  1.97636E+13 0.00765 
  103    1    1    1  103    1    1    1    1    1  4.02224E+13 0.00530 
  104    1    1    1  104    1    1    1    1    1  5.45072E+13 0.00463 
  105    1    1    1  105    1    1    1    1    1  4.86614E+13 0.00516 
  106    1    1    1  106    1    1    1    1    1  2.82942E+13 0.00620 
  107    1    1    1  107    1    1    1    1    1  1.09838E+13 0.00971 
  108    1    1    1  108    1    1    1    1    1  3.51704E+12 0.01623 
];


