
DETflux = [
    1    1    1    1    1    1    1    1    1    1  3.38919E+13 0.00853 
    2    1    1    1    2    1    1    1    1    1  2.23378E+14 0.00375 
    3    1    1    1    3    1    1    1    1    1  8.71810E+14 0.00207 
    4    1    1    1    4    1    1    1    1    1  2.05044E+15 0.00142 
    5    1    1    1    5    1    1    1    1    1  2.89406E+15 0.00132 
    6    1    1    1    6    1    1    1    1    1  2.52385E+15 0.00126 
    7    1    1    1    7    1    1    1    1    1  1.33647E+15 0.00177 
    8    1    1    1    8    1    1    1    1    1  4.21172E+14 0.00299 
    9    1    1    1    9    1    1    1    1    1  8.55648E+13 0.00576 
   10    1    1    1   10    1    1    1    1    1  6.39904E+13 0.00567 
   11    1    1    1   11    1    1    1    1    1  4.33473E+14 0.00257 
   12    1    1    1   12    1    1    1    1    1  1.67324E+15 0.00141 
   13    1    1    1   13    1    1    1    1    1  3.62374E+15 0.00096 
   14    1    1    1   14    1    1    1    1    1  4.79200E+15 0.00080 
   15    1    1    1   15    1    1    1    1    1  4.30215E+15 0.00087 
   16    1    1    1   16    1    1    1    1    1  2.49477E+15 0.00130 
   17    1    1    1   17    1    1    1    1    1  8.25376E+14 0.00200 
   18    1    1    1   18    1    1    1    1    1  1.58248E+14 0.00409 
   19    1    1    1   19    1    1    1    1    1  7.77570E+13 0.00498 
   20    1    1    1   20    1    1    1    1    1  5.33701E+14 0.00230 
   21    1    1    1   21    1    1    1    1    1  1.96815E+15 0.00129 
   22    1    1    1   22    1    1    1    1    1  3.95022E+15 0.00086 
   23    1    1    1   23    1    1    1    1    1  4.97045E+15 0.00064 
   24    1    1    1   24    1    1    1    1    1  4.54813E+15 0.00072 
   25    1    1    1   25    1    1    1    1    1  2.84365E+15 0.00109 
   26    1    1    1   26    1    1    1    1    1  9.98888E+14 0.00168 
   27    1    1    1   27    1    1    1    1    1  1.93210E+14 0.00335 
   28    1    1    1   28    1    1    1    1    1  7.47281E+13 0.00497 
   29    1    1    1   29    1    1    1    1    1  5.06715E+14 0.00224 
   30    1    1    1   30    1    1    1    1    1  1.81184E+15 0.00126 
   31    1    1    1   31    1    1    1    1    1  3.43002E+15 0.00086 
   32    1    1    1   32    1    1    1    1    1  4.18735E+15 0.00066 
   33    1    1    1   33    1    1    1    1    1  3.87176E+15 0.00077 
   34    1    1    1   34    1    1    1    1    1  2.54630E+15 0.00111 
   35    1    1    1   35    1    1    1    1    1  9.36970E+14 0.00176 
   36    1    1    1   36    1    1    1    1    1  1.83933E+14 0.00339 
   37    1    1    1   37    1    1    1    1    1  5.96426E+13 0.00524 
   38    1    1    1   38    1    1    1    1    1  3.97642E+14 0.00239 
   39    1    1    1   39    1    1    1    1    1  1.39391E+15 0.00145 
   40    1    1    1   40    1    1    1    1    1  2.60411E+15 0.00094 
   41    1    1    1   41    1    1    1    1    1  3.17172E+15 0.00080 
   42    1    1    1   42    1    1    1    1    1  2.93647E+15 0.00091 
   43    1    1    1   43    1    1    1    1    1  1.93910E+15 0.00123 
   44    1    1    1   44    1    1    1    1    1  7.28609E+14 0.00186 
   45    1    1    1   45    1    1    1    1    1  1.46241E+14 0.00368 
   46    1    1    1   46    1    1    1    1    1  4.10825E+13 0.00588 
   47    1    1    1   47    1    1    1    1    1  2.60974E+14 0.00270 
   48    1    1    1   48    1    1    1    1    1  9.05207E+14 0.00165 
   49    1    1    1   49    1    1    1    1    1  1.77312E+15 0.00115 
   50    1    1    1   50    1    1    1    1    1  2.24388E+15 0.00094 
   51    1    1    1   51    1    1    1    1    1  2.04431E+15 0.00102 
   52    1    1    1   52    1    1    1    1    1  1.28396E+15 0.00143 
   53    1    1    1   53    1    1    1    1    1  4.73290E+14 0.00220 
   54    1    1    1   54    1    1    1    1    1  9.89458E+13 0.00404 
   55    1    1    1   55    1    1    1    1    1  2.56711E+13 0.00735 
   56    1    1    1   56    1    1    1    1    1  1.55909E+14 0.00336 
   57    1    1    1   57    1    1    1    1    1  5.38283E+14 0.00201 
   58    1    1    1   58    1    1    1    1    1  1.09786E+15 0.00140 
   59    1    1    1   59    1    1    1    1    1  1.43930E+15 0.00118 
   60    1    1    1   60    1    1    1    1    1  1.28953E+15 0.00128 
   61    1    1    1   61    1    1    1    1    1  7.73292E+14 0.00167 
   62    1    1    1   62    1    1    1    1    1  2.80313E+14 0.00256 
   63    1    1    1   63    1    1    1    1    1  6.09566E+13 0.00494 
   64    1    1    1   64    1    1    1    1    1  1.51085E+13 0.00907 
   65    1    1    1   65    1    1    1    1    1  8.79859E+13 0.00428 
   66    1    1    1   66    1    1    1    1    1  2.97845E+14 0.00248 
   67    1    1    1   67    1    1    1    1    1  6.17722E+14 0.00172 
   68    1    1    1   68    1    1    1    1    1  8.21447E+14 0.00154 
   69    1    1    1   69    1    1    1    1    1  7.32146E+14 0.00166 
   70    1    1    1   70    1    1    1    1    1  4.29946E+14 0.00201 
   71    1    1    1   71    1    1    1    1    1  1.56364E+14 0.00333 
   72    1    1    1   72    1    1    1    1    1  3.58737E+13 0.00610 
   73    1    1    1   73    1    1    1    1    1  8.51345E+12 0.01186 
   74    1    1    1   74    1    1    1    1    1  4.78002E+13 0.00538 
   75    1    1    1   75    1    1    1    1    1  1.58575E+14 0.00307 
   76    1    1    1   76    1    1    1    1    1  3.29553E+14 0.00218 
   77    1    1    1   77    1    1    1    1    1  4.41745E+14 0.00197 
   78    1    1    1   78    1    1    1    1    1  3.92098E+14 0.00203 
   79    1    1    1   79    1    1    1    1    1  2.28076E+14 0.00255 
   80    1    1    1   80    1    1    1    1    1  8.38958E+13 0.00414 
   81    1    1    1   81    1    1    1    1    1  2.06950E+13 0.00779 
   82    1    1    1   82    1    1    1    1    1  4.71150E+12 0.01513 
   83    1    1    1   83    1    1    1    1    1  2.55415E+13 0.00707 
   84    1    1    1   84    1    1    1    1    1  8.22559E+13 0.00396 
   85    1    1    1   85    1    1    1    1    1  1.70833E+14 0.00285 
   86    1    1    1   86    1    1    1    1    1  2.29002E+14 0.00253 
   87    1    1    1   87    1    1    1    1    1  2.04127E+14 0.00270 
   88    1    1    1   88    1    1    1    1    1  1.18719E+14 0.00343 
   89    1    1    1   89    1    1    1    1    1  4.40620E+13 0.00543 
   90    1    1    1   90    1    1    1    1    1  1.17861E+13 0.01013 
   91    1    1    1   91    1    1    1    1    1  2.62313E+12 0.02012 
   92    1    1    1   92    1    1    1    1    1  1.33325E+13 0.00921 
   93    1    1    1   93    1    1    1    1    1  4.23269E+13 0.00525 
   94    1    1    1   94    1    1    1    1    1  8.71652E+13 0.00375 
   95    1    1    1   95    1    1    1    1    1  1.16111E+14 0.00337 
   96    1    1    1   96    1    1    1    1    1  1.03715E+14 0.00352 
   97    1    1    1   97    1    1    1    1    1  6.07815E+13 0.00442 
   98    1    1    1   98    1    1    1    1    1  2.33071E+13 0.00729 
   99    1    1    1   99    1    1    1    1    1  6.83568E+12 0.01291 
  100    1    1    1  100    1    1    1    1    1  1.52750E+12 0.02603 
  101    1    1    1  101    1    1    1    1    1  7.31368E+12 0.01197 
  102    1    1    1  102    1    1    1    1    1  2.21428E+13 0.00733 
  103    1    1    1  103    1    1    1    1    1  4.46829E+13 0.00508 
  104    1    1    1  104    1    1    1    1    1  5.93807E+13 0.00443 
  105    1    1    1  105    1    1    1    1    1  5.27686E+13 0.00458 
  106    1    1    1  106    1    1    1    1    1  3.14550E+13 0.00574 
  107    1    1    1  107    1    1    1    1    1  1.26628E+13 0.00971 
  108    1    1    1  108    1    1    1    1    1  4.15554E+12 0.01501 
];


