
DETflux = [
    1    1    1    1    1    1    1    1    1    1  2.11706E+13 0.01107 
    2    1    1    1    2    1    1    1    1    1  1.37588E+14 0.00465 
    3    1    1    1    3    1    1    1    1    1  5.56051E+14 0.00254 
    4    1    1    1    4    1    1    1    1    1  1.34367E+15 0.00168 
    5    1    1    1    5    1    1    1    1    1  1.92748E+15 0.00145 
    6    1    1    1    6    1    1    1    1    1  1.66314E+15 0.00150 
    7    1    1    1    7    1    1    1    1    1  8.64084E+14 0.00213 
    8    1    1    1    8    1    1    1    1    1  2.68663E+14 0.00349 
    9    1    1    1    9    1    1    1    1    1  5.42372E+13 0.00697 
   10    1    1    1   10    1    1    1    1    1  4.65427E+13 0.00667 
   11    1    1    1   11    1    1    1    1    1  3.32980E+14 0.00281 
   12    1    1    1   12    1    1    1    1    1  1.40557E+15 0.00162 
   13    1    1    1   13    1    1    1    1    1  3.38644E+15 0.00105 
   14    1    1    1   14    1    1    1    1    1  4.76600E+15 0.00079 
   15    1    1    1   15    1    1    1    1    1  4.14542E+15 0.00090 
   16    1    1    1   16    1    1    1    1    1  2.18867E+15 0.00124 
   17    1    1    1   17    1    1    1    1    1  6.60420E+14 0.00208 
   18    1    1    1   18    1    1    1    1    1  1.18611E+14 0.00439 
   19    1    1    1   19    1    1    1    1    1  6.19711E+13 0.00565 
   20    1    1    1   20    1    1    1    1    1  4.55875E+14 0.00246 
   21    1    1    1   21    1    1    1    1    1  1.89910E+15 0.00129 
   22    1    1    1   22    1    1    1    1    1  4.36071E+15 0.00085 
   23    1    1    1   23    1    1    1    1    1  5.91348E+15 0.00060 
   24    1    1    1   24    1    1    1    1    1  5.21870E+15 0.00074 
   25    1    1    1   25    1    1    1    1    1  2.89204E+15 0.00098 
   26    1    1    1   26    1    1    1    1    1  8.94284E+14 0.00173 
   27    1    1    1   27    1    1    1    1    1  1.57004E+14 0.00371 
   28    1    1    1   28    1    1    1    1    1  6.23854E+13 0.00533 
   29    1    1    1   29    1    1    1    1    1  4.64610E+14 0.00234 
   30    1    1    1   30    1    1    1    1    1  1.88816E+15 0.00132 
   31    1    1    1   31    1    1    1    1    1  4.11245E+15 0.00080 
   32    1    1    1   32    1    1    1    1    1  5.40434E+15 0.00058 
   33    1    1    1   33    1    1    1    1    1  4.83084E+15 0.00068 
   34    1    1    1   34    1    1    1    1    1  2.80735E+15 0.00099 
   35    1    1    1   35    1    1    1    1    1  9.02250E+14 0.00165 
   36    1    1    1   36    1    1    1    1    1  1.60442E+14 0.00357 
   37    1    1    1   37    1    1    1    1    1  5.19715E+13 0.00596 
   38    1    1    1   38    1    1    1    1    1  3.74945E+14 0.00244 
   39    1    1    1   39    1    1    1    1    1  1.48778E+15 0.00138 
   40    1    1    1   40    1    1    1    1    1  3.15331E+15 0.00089 
   41    1    1    1   41    1    1    1    1    1  4.09694E+15 0.00070 
   42    1    1    1   42    1    1    1    1    1  3.68119E+15 0.00081 
   43    1    1    1   43    1    1    1    1    1  2.18468E+15 0.00107 
   44    1    1    1   44    1    1    1    1    1  7.21514E+14 0.00185 
   45    1    1    1   45    1    1    1    1    1  1.31754E+14 0.00386 
   46    1    1    1   46    1    1    1    1    1  3.60686E+13 0.00655 
   47    1    1    1   47    1    1    1    1    1  2.47435E+14 0.00284 
   48    1    1    1   48    1    1    1    1    1  9.47008E+14 0.00154 
   49    1    1    1   49    1    1    1    1    1  2.04910E+15 0.00104 
   50    1    1    1   50    1    1    1    1    1  2.73573E+15 0.00088 
   51    1    1    1   51    1    1    1    1    1  2.43319E+15 0.00097 
   52    1    1    1   52    1    1    1    1    1  1.39736E+15 0.00129 
   53    1    1    1   53    1    1    1    1    1  4.66570E+14 0.00212 
   54    1    1    1   54    1    1    1    1    1  8.95042E+13 0.00463 
   55    1    1    1   55    1    1    1    1    1  2.27363E+13 0.00779 
   56    1    1    1   56    1    1    1    1    1  1.46622E+14 0.00342 
   57    1    1    1   57    1    1    1    1    1  5.44431E+14 0.00176 
   58    1    1    1   58    1    1    1    1    1  1.20000E+15 0.00126 
   59    1    1    1   59    1    1    1    1    1  1.64307E+15 0.00110 
   60    1    1    1   60    1    1    1    1    1  1.44596E+15 0.00120 
   61    1    1    1   61    1    1    1    1    1  8.08664E+14 0.00161 
   62    1    1    1   62    1    1    1    1    1  2.70118E+14 0.00265 
   63    1    1    1   63    1    1    1    1    1  5.48478E+13 0.00515 
   64    1    1    1   64    1    1    1    1    1  1.32286E+13 0.00950 
   65    1    1    1   65    1    1    1    1    1  8.11067E+13 0.00412 
   66    1    1    1   66    1    1    1    1    1  2.91809E+14 0.00243 
   67    1    1    1   67    1    1    1    1    1  6.41769E+14 0.00163 
   68    1    1    1   68    1    1    1    1    1  8.83991E+14 0.00142 
   69    1    1    1   69    1    1    1    1    1  7.75479E+14 0.00157 
   70    1    1    1   70    1    1    1    1    1  4.32455E+14 0.00203 
   71    1    1    1   71    1    1    1    1    1  1.47636E+14 0.00329 
   72    1    1    1   72    1    1    1    1    1  3.20780E+13 0.00665 
   73    1    1    1   73    1    1    1    1    1  7.62341E+12 0.01261 
   74    1    1    1   74    1    1    1    1    1  4.35569E+13 0.00577 
   75    1    1    1   75    1    1    1    1    1  1.50407E+14 0.00318 
   76    1    1    1   76    1    1    1    1    1  3.26803E+14 0.00215 
   77    1    1    1   77    1    1    1    1    1  4.50619E+14 0.00186 
   78    1    1    1   78    1    1    1    1    1  3.94768E+14 0.00200 
   79    1    1    1   79    1    1    1    1    1  2.22191E+14 0.00265 
   80    1    1    1   80    1    1    1    1    1  7.73420E+13 0.00413 
   81    1    1    1   81    1    1    1    1    1  1.81266E+13 0.00861 
   82    1    1    1   82    1    1    1    1    1  4.24193E+12 0.01602 
   83    1    1    1   83    1    1    1    1    1  2.27628E+13 0.00761 
   84    1    1    1   84    1    1    1    1    1  7.60834E+13 0.00407 
   85    1    1    1   85    1    1    1    1    1  1.63267E+14 0.00287 
   86    1    1    1   86    1    1    1    1    1  2.24689E+14 0.00254 
   87    1    1    1   87    1    1    1    1    1  1.96822E+14 0.00263 
   88    1    1    1   88    1    1    1    1    1  1.12130E+14 0.00344 
   89    1    1    1   89    1    1    1    1    1  4.01389E+13 0.00574 
   90    1    1    1   90    1    1    1    1    1  1.02099E+13 0.01104 
   91    1    1    1   91    1    1    1    1    1  2.29705E+12 0.02242 
   92    1    1    1   92    1    1    1    1    1  1.19138E+13 0.00953 
   93    1    1    1   93    1    1    1    1    1  3.83055E+13 0.00569 
   94    1    1    1   94    1    1    1    1    1  8.05471E+13 0.00400 
   95    1    1    1   95    1    1    1    1    1  1.10431E+14 0.00328 
   96    1    1    1   96    1    1    1    1    1  9.75007E+13 0.00378 
   97    1    1    1   97    1    1    1    1    1  5.54928E+13 0.00482 
   98    1    1    1   98    1    1    1    1    1  2.05957E+13 0.00796 
   99    1    1    1   99    1    1    1    1    1  5.74619E+12 0.01453 
  100    1    1    1  100    1    1    1    1    1  1.30069E+12 0.02845 
  101    1    1    1  101    1    1    1    1    1  6.46640E+12 0.01279 
  102    1    1    1  102    1    1    1    1    1  1.96958E+13 0.00759 
  103    1    1    1  103    1    1    1    1    1  4.03365E+13 0.00542 
  104    1    1    1  104    1    1    1    1    1  5.45723E+13 0.00447 
  105    1    1    1  105    1    1    1    1    1  4.83754E+13 0.00518 
  106    1    1    1  106    1    1    1    1    1  2.81668E+13 0.00643 
  107    1    1    1  107    1    1    1    1    1  1.06567E+13 0.01072 
  108    1    1    1  108    1    1    1    1    1  3.49185E+12 0.01714 
];


