
DETflux = [
    1    1    1    1    1    1    1    1    1    1  2.08643E+13 0.01073 
    2    1    1    1    2    1    1    1    1    1  1.38930E+14 0.00458 
    3    1    1    1    3    1    1    1    1    1  5.52832E+14 0.00252 
    4    1    1    1    4    1    1    1    1    1  1.33879E+15 0.00168 
    5    1    1    1    5    1    1    1    1    1  1.92640E+15 0.00139 
    6    1    1    1    6    1    1    1    1    1  1.67019E+15 0.00155 
    7    1    1    1    7    1    1    1    1    1  8.71830E+14 0.00211 
    8    1    1    1    8    1    1    1    1    1  2.71394E+14 0.00336 
    9    1    1    1    9    1    1    1    1    1  5.50251E+13 0.00730 
   10    1    1    1   10    1    1    1    1    1  4.66610E+13 0.00686 
   11    1    1    1   11    1    1    1    1    1  3.34080E+14 0.00285 
   12    1    1    1   12    1    1    1    1    1  1.40249E+15 0.00151 
   13    1    1    1   13    1    1    1    1    1  3.37220E+15 0.00101 
   14    1    1    1   14    1    1    1    1    1  4.76974E+15 0.00079 
   15    1    1    1   15    1    1    1    1    1  4.18776E+15 0.00091 
   16    1    1    1   16    1    1    1    1    1  2.21782E+15 0.00127 
   17    1    1    1   17    1    1    1    1    1  6.67765E+14 0.00203 
   18    1    1    1   18    1    1    1    1    1  1.20328E+14 0.00431 
   19    1    1    1   19    1    1    1    1    1  6.13541E+13 0.00572 
   20    1    1    1   20    1    1    1    1    1  4.55379E+14 0.00242 
   21    1    1    1   21    1    1    1    1    1  1.88559E+15 0.00128 
   22    1    1    1   22    1    1    1    1    1  4.33189E+15 0.00077 
   23    1    1    1   23    1    1    1    1    1  5.90071E+15 0.00063 
   24    1    1    1   24    1    1    1    1    1  5.25556E+15 0.00073 
   25    1    1    1   25    1    1    1    1    1  2.92909E+15 0.00106 
   26    1    1    1   26    1    1    1    1    1  9.06831E+14 0.00180 
   27    1    1    1   27    1    1    1    1    1  1.59649E+14 0.00383 
   28    1    1    1   28    1    1    1    1    1  6.24238E+13 0.00532 
   29    1    1    1   29    1    1    1    1    1  4.61207E+14 0.00229 
   30    1    1    1   30    1    1    1    1    1  1.86908E+15 0.00122 
   31    1    1    1   31    1    1    1    1    1  4.08872E+15 0.00083 
   32    1    1    1   32    1    1    1    1    1  5.36781E+15 0.00059 
   33    1    1    1   33    1    1    1    1    1  4.83540E+15 0.00071 
   34    1    1    1   34    1    1    1    1    1  2.83508E+15 0.00103 
   35    1    1    1   35    1    1    1    1    1  9.11346E+14 0.00169 
   36    1    1    1   36    1    1    1    1    1  1.60530E+14 0.00349 
   37    1    1    1   37    1    1    1    1    1  5.13398E+13 0.00582 
   38    1    1    1   38    1    1    1    1    1  3.72408E+14 0.00250 
   39    1    1    1   39    1    1    1    1    1  1.47451E+15 0.00135 
   40    1    1    1   40    1    1    1    1    1  3.13922E+15 0.00098 
   41    1    1    1   41    1    1    1    1    1  4.07661E+15 0.00071 
   42    1    1    1   42    1    1    1    1    1  3.68198E+15 0.00082 
   43    1    1    1   43    1    1    1    1    1  2.20307E+15 0.00112 
   44    1    1    1   44    1    1    1    1    1  7.27904E+14 0.00179 
   45    1    1    1   45    1    1    1    1    1  1.31958E+14 0.00394 
   46    1    1    1   46    1    1    1    1    1  3.56988E+13 0.00664 
   47    1    1    1   47    1    1    1    1    1  2.44605E+14 0.00277 
   48    1    1    1   48    1    1    1    1    1  9.41952E+14 0.00161 
   49    1    1    1   49    1    1    1    1    1  2.04246E+15 0.00114 
   50    1    1    1   50    1    1    1    1    1  2.72180E+15 0.00083 
   51    1    1    1   51    1    1    1    1    1  2.42898E+15 0.00093 
   52    1    1    1   52    1    1    1    1    1  1.40868E+15 0.00132 
   53    1    1    1   53    1    1    1    1    1  4.70013E+14 0.00204 
   54    1    1    1   54    1    1    1    1    1  9.02267E+13 0.00419 
   55    1    1    1   55    1    1    1    1    1  2.21764E+13 0.00793 
   56    1    1    1   56    1    1    1    1    1  1.43551E+14 0.00340 
   57    1    1    1   57    1    1    1    1    1  5.40632E+14 0.00191 
   58    1    1    1   58    1    1    1    1    1  1.19662E+15 0.00132 
   59    1    1    1   59    1    1    1    1    1  1.63306E+15 0.00109 
   60    1    1    1   60    1    1    1    1    1  1.44525E+15 0.00113 
   61    1    1    1   61    1    1    1    1    1  8.14320E+14 0.00163 
   62    1    1    1   62    1    1    1    1    1  2.72766E+14 0.00251 
   63    1    1    1   63    1    1    1    1    1  5.52647E+13 0.00517 
   64    1    1    1   64    1    1    1    1    1  1.30475E+13 0.00971 
   65    1    1    1   65    1    1    1    1    1  7.95776E+13 0.00442 
   66    1    1    1   66    1    1    1    1    1  2.90429E+14 0.00235 
   67    1    1    1   67    1    1    1    1    1  6.38691E+14 0.00168 
   68    1    1    1   68    1    1    1    1    1  8.77961E+14 0.00139 
   69    1    1    1   69    1    1    1    1    1  7.74684E+14 0.00147 
   70    1    1    1   70    1    1    1    1    1  4.33686E+14 0.00205 
   71    1    1    1   71    1    1    1    1    1  1.48516E+14 0.00317 
   72    1    1    1   72    1    1    1    1    1  3.20492E+13 0.00672 
   73    1    1    1   73    1    1    1    1    1  7.47374E+12 0.01235 
   74    1    1    1   74    1    1    1    1    1  4.30504E+13 0.00558 
   75    1    1    1   75    1    1    1    1    1  1.49945E+14 0.00304 
   76    1    1    1   76    1    1    1    1    1  3.26474E+14 0.00211 
   77    1    1    1   77    1    1    1    1    1  4.47370E+14 0.00183 
   78    1    1    1   78    1    1    1    1    1  3.95049E+14 0.00201 
   79    1    1    1   79    1    1    1    1    1  2.22271E+14 0.00269 
   80    1    1    1   80    1    1    1    1    1  7.83060E+13 0.00416 
   81    1    1    1   81    1    1    1    1    1  1.80991E+13 0.00811 
   82    1    1    1   82    1    1    1    1    1  4.09197E+12 0.01631 
   83    1    1    1   83    1    1    1    1    1  2.29385E+13 0.00720 
   84    1    1    1   84    1    1    1    1    1  7.64439E+13 0.00416 
   85    1    1    1   85    1    1    1    1    1  1.63060E+14 0.00285 
   86    1    1    1   86    1    1    1    1    1  2.23092E+14 0.00250 
   87    1    1    1   87    1    1    1    1    1  1.97166E+14 0.00270 
   88    1    1    1   88    1    1    1    1    1  1.12513E+14 0.00339 
   89    1    1    1   89    1    1    1    1    1  4.05399E+13 0.00551 
   90    1    1    1   90    1    1    1    1    1  1.02136E+13 0.01039 
   91    1    1    1   91    1    1    1    1    1  2.29500E+12 0.02204 
   92    1    1    1   92    1    1    1    1    1  1.20274E+13 0.00985 
   93    1    1    1   93    1    1    1    1    1  3.82280E+13 0.00559 
   94    1    1    1   94    1    1    1    1    1  8.06991E+13 0.00397 
   95    1    1    1   95    1    1    1    1    1  1.09766E+14 0.00342 
   96    1    1    1   96    1    1    1    1    1  9.73653E+13 0.00361 
   97    1    1    1   97    1    1    1    1    1  5.59319E+13 0.00462 
   98    1    1    1   98    1    1    1    1    1  2.08452E+13 0.00728 
   99    1    1    1   99    1    1    1    1    1  5.68776E+12 0.01327 
  100    1    1    1  100    1    1    1    1    1  1.39874E+12 0.02775 
  101    1    1    1  101    1    1    1    1    1  6.37132E+12 0.01328 
  102    1    1    1  102    1    1    1    1    1  1.95153E+13 0.00773 
  103    1    1    1  103    1    1    1    1    1  4.03874E+13 0.00538 
  104    1    1    1  104    1    1    1    1    1  5.41950E+13 0.00465 
  105    1    1    1  105    1    1    1    1    1  4.85303E+13 0.00503 
  106    1    1    1  106    1    1    1    1    1  2.83912E+13 0.00639 
  107    1    1    1  107    1    1    1    1    1  1.10569E+13 0.00980 
  108    1    1    1  108    1    1    1    1    1  3.47991E+12 0.01734 
];


