
DETflux = [
    1    1    1    1    1    1    1    1    1    1  2.92181E+13 0.00901 
    2    1    1    1    2    1    1    1    1    1  1.90112E+14 0.00397 
    3    1    1    1    3    1    1    1    1    1  7.48156E+14 0.00222 
    4    1    1    1    4    1    1    1    1    1  1.76977E+15 0.00162 
    5    1    1    1    5    1    1    1    1    1  2.52191E+15 0.00140 
    6    1    1    1    6    1    1    1    1    1  2.18850E+15 0.00152 
    7    1    1    1    7    1    1    1    1    1  1.15632E+15 0.00198 
    8    1    1    1    8    1    1    1    1    1  3.64538E+14 0.00314 
    9    1    1    1    9    1    1    1    1    1  7.35910E+13 0.00639 
   10    1    1    1   10    1    1    1    1    1  5.76085E+13 0.00612 
   11    1    1    1   11    1    1    1    1    1  3.99743E+14 0.00272 
   12    1    1    1   12    1    1    1    1    1  1.58453E+15 0.00149 
   13    1    1    1   13    1    1    1    1    1  3.55805E+15 0.00102 
   14    1    1    1   14    1    1    1    1    1  4.80376E+15 0.00081 
   15    1    1    1   15    1    1    1    1    1  4.26835E+15 0.00092 
   16    1    1    1   16    1    1    1    1    1  2.39883E+15 0.00129 
   17    1    1    1   17    1    1    1    1    1  7.72564E+14 0.00214 
   18    1    1    1   18    1    1    1    1    1  1.44949E+14 0.00415 
   19    1    1    1   19    1    1    1    1    1  7.24507E+13 0.00504 
   20    1    1    1   20    1    1    1    1    1  5.06982E+14 0.00224 
   21    1    1    1   21    1    1    1    1    1  1.94997E+15 0.00123 
   22    1    1    1   22    1    1    1    1    1  4.08142E+15 0.00089 
   23    1    1    1   23    1    1    1    1    1  5.26568E+15 0.00067 
   24    1    1    1   24    1    1    1    1    1  4.77262E+15 0.00079 
   25    1    1    1   25    1    1    1    1    1  2.87273E+15 0.00109 
   26    1    1    1   26    1    1    1    1    1  9.68794E+14 0.00180 
   27    1    1    1   27    1    1    1    1    1  1.82379E+14 0.00364 
   28    1    1    1   28    1    1    1    1    1  7.08766E+13 0.00491 
   29    1    1    1   29    1    1    1    1    1  4.94962E+14 0.00210 
   30    1    1    1   30    1    1    1    1    1  1.83897E+15 0.00118 
   31    1    1    1   31    1    1    1    1    1  3.63505E+15 0.00091 
   32    1    1    1   32    1    1    1    1    1  4.54171E+15 0.00068 
   33    1    1    1   33    1    1    1    1    1  4.16375E+15 0.00078 
   34    1    1    1   34    1    1    1    1    1  2.63482E+15 0.00108 
   35    1    1    1   35    1    1    1    1    1  9.30431E+14 0.00171 
   36    1    1    1   36    1    1    1    1    1  1.77943E+14 0.00344 
   37    1    1    1   37    1    1    1    1    1  5.79861E+13 0.00523 
   38    1    1    1   38    1    1    1    1    1  3.92837E+14 0.00241 
   39    1    1    1   39    1    1    1    1    1  1.42348E+15 0.00133 
   40    1    1    1   40    1    1    1    1    1  2.76697E+15 0.00096 
   41    1    1    1   41    1    1    1    1    1  3.44333E+15 0.00079 
   42    1    1    1   42    1    1    1    1    1  3.15856E+15 0.00083 
   43    1    1    1   43    1    1    1    1    1  2.02121E+15 0.00115 
   44    1    1    1   44    1    1    1    1    1  7.30525E+14 0.00187 
   45    1    1    1   45    1    1    1    1    1  1.42854E+14 0.00352 
   46    1    1    1   46    1    1    1    1    1  3.99036E+13 0.00583 
   47    1    1    1   47    1    1    1    1    1  2.58036E+14 0.00272 
   48    1    1    1   48    1    1    1    1    1  9.19062E+14 0.00162 
   49    1    1    1   49    1    1    1    1    1  1.86028E+15 0.00115 
   50    1    1    1   50    1    1    1    1    1  2.39529E+15 0.00092 
   51    1    1    1   51    1    1    1    1    1  2.16651E+15 0.00104 
   52    1    1    1   52    1    1    1    1    1  1.32282E+15 0.00135 
   53    1    1    1   53    1    1    1    1    1  4.72235E+14 0.00212 
   54    1    1    1   54    1    1    1    1    1  9.69335E+13 0.00402 
   55    1    1    1   55    1    1    1    1    1  2.50094E+13 0.00707 
   56    1    1    1   56    1    1    1    1    1  1.54172E+14 0.00330 
   57    1    1    1   57    1    1    1    1    1  5.39423E+14 0.00189 
   58    1    1    1   58    1    1    1    1    1  1.13461E+15 0.00138 
   59    1    1    1   59    1    1    1    1    1  1.50513E+15 0.00117 
   60    1    1    1   60    1    1    1    1    1  1.34435E+15 0.00131 
   61    1    1    1   61    1    1    1    1    1  7.87177E+14 0.00162 
   62    1    1    1   62    1    1    1    1    1  2.77557E+14 0.00259 
   63    1    1    1   63    1    1    1    1    1  5.92325E+13 0.00503 
   64    1    1    1   64    1    1    1    1    1  1.47942E+13 0.00900 
   65    1    1    1   65    1    1    1    1    1  8.62843E+13 0.00427 
   66    1    1    1   66    1    1    1    1    1  2.95457E+14 0.00238 
   67    1    1    1   67    1    1    1    1    1  6.27415E+14 0.00176 
   68    1    1    1   68    1    1    1    1    1  8.45024E+14 0.00144 
   69    1    1    1   69    1    1    1    1    1  7.49657E+14 0.00163 
   70    1    1    1   70    1    1    1    1    1  4.31936E+14 0.00196 
   71    1    1    1   71    1    1    1    1    1  1.53260E+14 0.00330 
   72    1    1    1   72    1    1    1    1    1  3.46689E+13 0.00616 
   73    1    1    1   73    1    1    1    1    1  8.30578E+12 0.01160 
   74    1    1    1   74    1    1    1    1    1  4.71655E+13 0.00547 
   75    1    1    1   75    1    1    1    1    1  1.56380E+14 0.00309 
   76    1    1    1   76    1    1    1    1    1  3.30290E+14 0.00223 
   77    1    1    1   77    1    1    1    1    1  4.46405E+14 0.00187 
   78    1    1    1   78    1    1    1    1    1  3.95892E+14 0.00200 
   79    1    1    1   79    1    1    1    1    1  2.27241E+14 0.00261 
   80    1    1    1   80    1    1    1    1    1  8.20203E+13 0.00422 
   81    1    1    1   81    1    1    1    1    1  2.01194E+13 0.00777 
   82    1    1    1   82    1    1    1    1    1  4.62799E+12 0.01520 
   83    1    1    1   83    1    1    1    1    1  2.49806E+13 0.00679 
   84    1    1    1   84    1    1    1    1    1  8.14973E+13 0.00383 
   85    1    1    1   85    1    1    1    1    1  1.69455E+14 0.00289 
   86    1    1    1   86    1    1    1    1    1  2.28569E+14 0.00245 
   87    1    1    1   87    1    1    1    1    1  2.02909E+14 0.00263 
   88    1    1    1   88    1    1    1    1    1  1.16925E+14 0.00334 
   89    1    1    1   89    1    1    1    1    1  4.30342E+13 0.00559 
   90    1    1    1   90    1    1    1    1    1  1.13364E+13 0.01002 
   91    1    1    1   91    1    1    1    1    1  2.50952E+12 0.02077 
   92    1    1    1   92    1    1    1    1    1  1.33288E+13 0.00910 
   93    1    1    1   93    1    1    1    1    1  4.17026E+13 0.00515 
   94    1    1    1   94    1    1    1    1    1  8.59003E+13 0.00384 
   95    1    1    1   95    1    1    1    1    1  1.15508E+14 0.00324 
   96    1    1    1   96    1    1    1    1    1  1.02112E+14 0.00362 
   97    1    1    1   97    1    1    1    1    1  5.94529E+13 0.00445 
   98    1    1    1   98    1    1    1    1    1  2.22793E+13 0.00745 
   99    1    1    1   99    1    1    1    1    1  6.44549E+12 0.01280 
  100    1    1    1  100    1    1    1    1    1  1.52738E+12 0.02591 
  101    1    1    1  101    1    1    1    1    1  7.19946E+12 0.01218 
  102    1    1    1  102    1    1    1    1    1  2.16032E+13 0.00681 
  103    1    1    1  103    1    1    1    1    1  4.34226E+13 0.00506 
  104    1    1    1  104    1    1    1    1    1  5.88226E+13 0.00434 
  105    1    1    1  105    1    1    1    1    1  5.20929E+13 0.00471 
  106    1    1    1  106    1    1    1    1    1  3.04702E+13 0.00588 
  107    1    1    1  107    1    1    1    1    1  1.19805E+13 0.00955 
  108    1    1    1  108    1    1    1    1    1  3.96711E+12 0.01627 
];


