
DETflux = [
    1    1    1    1    1    1    1    1    1    1  2.11893E+13 0.01101 
    2    1    1    1    2    1    1    1    1    1  1.37673E+14 0.00466 
    3    1    1    1    3    1    1    1    1    1  5.51395E+14 0.00255 
    4    1    1    1    4    1    1    1    1    1  1.33637E+15 0.00172 
    5    1    1    1    5    1    1    1    1    1  1.92954E+15 0.00144 
    6    1    1    1    6    1    1    1    1    1  1.67412E+15 0.00156 
    7    1    1    1    7    1    1    1    1    1  8.67496E+14 0.00213 
    8    1    1    1    8    1    1    1    1    1  2.70042E+14 0.00329 
    9    1    1    1    9    1    1    1    1    1  5.45139E+13 0.00702 
   10    1    1    1   10    1    1    1    1    1  4.67891E+13 0.00666 
   11    1    1    1   11    1    1    1    1    1  3.32650E+14 0.00291 
   12    1    1    1   12    1    1    1    1    1  1.39816E+15 0.00158 
   13    1    1    1   13    1    1    1    1    1  3.37417E+15 0.00102 
   14    1    1    1   14    1    1    1    1    1  4.77282E+15 0.00081 
   15    1    1    1   15    1    1    1    1    1  4.16888E+15 0.00090 
   16    1    1    1   16    1    1    1    1    1  2.19437E+15 0.00130 
   17    1    1    1   17    1    1    1    1    1  6.58139E+14 0.00217 
   18    1    1    1   18    1    1    1    1    1  1.18338E+14 0.00447 
   19    1    1    1   19    1    1    1    1    1  6.19619E+13 0.00574 
   20    1    1    1   20    1    1    1    1    1  4.52733E+14 0.00241 
   21    1    1    1   21    1    1    1    1    1  1.88259E+15 0.00134 
   22    1    1    1   22    1    1    1    1    1  4.33964E+15 0.00082 
   23    1    1    1   23    1    1    1    1    1  5.91368E+15 0.00064 
   24    1    1    1   24    1    1    1    1    1  5.24047E+15 0.00071 
   25    1    1    1   25    1    1    1    1    1  2.89537E+15 0.00106 
   26    1    1    1   26    1    1    1    1    1  8.93866E+14 0.00174 
   27    1    1    1   27    1    1    1    1    1  1.57636E+14 0.00375 
   28    1    1    1   28    1    1    1    1    1  6.24344E+13 0.00524 
   29    1    1    1   29    1    1    1    1    1  4.62713E+14 0.00227 
   30    1    1    1   30    1    1    1    1    1  1.87415E+15 0.00135 
   31    1    1    1   31    1    1    1    1    1  4.09802E+15 0.00083 
   32    1    1    1   32    1    1    1    1    1  5.39544E+15 0.00056 
   33    1    1    1   33    1    1    1    1    1  4.84405E+15 0.00065 
   34    1    1    1   34    1    1    1    1    1  2.81061E+15 0.00097 
   35    1    1    1   35    1    1    1    1    1  9.01252E+14 0.00164 
   36    1    1    1   36    1    1    1    1    1  1.60981E+14 0.00360 
   37    1    1    1   37    1    1    1    1    1  5.17795E+13 0.00579 
   38    1    1    1   38    1    1    1    1    1  3.74865E+14 0.00252 
   39    1    1    1   39    1    1    1    1    1  1.48376E+15 0.00143 
   40    1    1    1   40    1    1    1    1    1  3.14892E+15 0.00093 
   41    1    1    1   41    1    1    1    1    1  4.09993E+15 0.00068 
   42    1    1    1   42    1    1    1    1    1  3.68862E+15 0.00077 
   43    1    1    1   43    1    1    1    1    1  2.18487E+15 0.00112 
   44    1    1    1   44    1    1    1    1    1  7.21654E+14 0.00182 
   45    1    1    1   45    1    1    1    1    1  1.32922E+14 0.00385 
   46    1    1    1   46    1    1    1    1    1  3.57461E+13 0.00665 
   47    1    1    1   47    1    1    1    1    1  2.46972E+14 0.00275 
   48    1    1    1   48    1    1    1    1    1  9.43861E+14 0.00159 
   49    1    1    1   49    1    1    1    1    1  2.04770E+15 0.00114 
   50    1    1    1   50    1    1    1    1    1  2.74114E+15 0.00086 
   51    1    1    1   51    1    1    1    1    1  2.43728E+15 0.00092 
   52    1    1    1   52    1    1    1    1    1  1.39901E+15 0.00132 
   53    1    1    1   53    1    1    1    1    1  4.67355E+14 0.00209 
   54    1    1    1   54    1    1    1    1    1  9.02130E+13 0.00421 
   55    1    1    1   55    1    1    1    1    1  2.24423E+13 0.00775 
   56    1    1    1   56    1    1    1    1    1  1.45359E+14 0.00345 
   57    1    1    1   57    1    1    1    1    1  5.41281E+14 0.00194 
   58    1    1    1   58    1    1    1    1    1  1.20001E+15 0.00135 
   59    1    1    1   59    1    1    1    1    1  1.64615E+15 0.00109 
   60    1    1    1   60    1    1    1    1    1  1.45036E+15 0.00115 
   61    1    1    1   61    1    1    1    1    1  8.08983E+14 0.00161 
   62    1    1    1   62    1    1    1    1    1  2.71788E+14 0.00258 
   63    1    1    1   63    1    1    1    1    1  5.53898E+13 0.00510 
   64    1    1    1   64    1    1    1    1    1  1.32839E+13 0.00968 
   65    1    1    1   65    1    1    1    1    1  8.07329E+13 0.00415 
   66    1    1    1   66    1    1    1    1    1  2.90790E+14 0.00242 
   67    1    1    1   67    1    1    1    1    1  6.38929E+14 0.00169 
   68    1    1    1   68    1    1    1    1    1  8.84314E+14 0.00134 
   69    1    1    1   69    1    1    1    1    1  7.76480E+14 0.00156 
   70    1    1    1   70    1    1    1    1    1  4.32598E+14 0.00203 
   71    1    1    1   71    1    1    1    1    1  1.48305E+14 0.00331 
   72    1    1    1   72    1    1    1    1    1  3.20955E+13 0.00650 
   73    1    1    1   73    1    1    1    1    1  7.52038E+12 0.01248 
   74    1    1    1   74    1    1    1    1    1  4.29567E+13 0.00564 
   75    1    1    1   75    1    1    1    1    1  1.49435E+14 0.00306 
   76    1    1    1   76    1    1    1    1    1  3.25958E+14 0.00217 
   77    1    1    1   77    1    1    1    1    1  4.50782E+14 0.00184 
   78    1    1    1   78    1    1    1    1    1  3.95923E+14 0.00198 
   79    1    1    1   79    1    1    1    1    1  2.21764E+14 0.00266 
   80    1    1    1   80    1    1    1    1    1  7.80383E+13 0.00412 
   81    1    1    1   81    1    1    1    1    1  1.82545E+13 0.00837 
   82    1    1    1   82    1    1    1    1    1  4.06807E+12 0.01657 
   83    1    1    1   83    1    1    1    1    1  2.23683E+13 0.00720 
   84    1    1    1   84    1    1    1    1    1  7.56041E+13 0.00421 
   85    1    1    1   85    1    1    1    1    1  1.62623E+14 0.00288 
   86    1    1    1   86    1    1    1    1    1  2.24637E+14 0.00241 
   87    1    1    1   87    1    1    1    1    1  1.97069E+14 0.00263 
   88    1    1    1   88    1    1    1    1    1  1.11436E+14 0.00345 
   89    1    1    1   89    1    1    1    1    1  4.03075E+13 0.00547 
   90    1    1    1   90    1    1    1    1    1  1.03517E+13 0.01066 
   91    1    1    1   91    1    1    1    1    1  2.28728E+12 0.02203 
   92    1    1    1   92    1    1    1    1    1  1.17219E+13 0.00966 
   93    1    1    1   93    1    1    1    1    1  3.79088E+13 0.00566 
   94    1    1    1   94    1    1    1    1    1  7.98198E+13 0.00393 
   95    1    1    1   95    1    1    1    1    1  1.10262E+14 0.00326 
   96    1    1    1   96    1    1    1    1    1  9.70789E+13 0.00369 
   97    1    1    1   97    1    1    1    1    1  5.54963E+13 0.00478 
   98    1    1    1   98    1    1    1    1    1  2.05100E+13 0.00774 
   99    1    1    1   99    1    1    1    1    1  5.82922E+12 0.01313 
  100    1    1    1  100    1    1    1    1    1  1.30829E+12 0.02792 
  101    1    1    1  101    1    1    1    1    1  6.32278E+12 0.01337 
  102    1    1    1  102    1    1    1    1    1  1.96012E+13 0.00743 
  103    1    1    1  103    1    1    1    1    1  4.03047E+13 0.00527 
  104    1    1    1  104    1    1    1    1    1  5.48784E+13 0.00454 
  105    1    1    1  105    1    1    1    1    1  4.85824E+13 0.00514 
  106    1    1    1  106    1    1    1    1    1  2.82340E+13 0.00634 
  107    1    1    1  107    1    1    1    1    1  1.06530E+13 0.01022 
  108    1    1    1  108    1    1    1    1    1  3.49298E+12 0.01641 
];


