
DETflux = [
    1    1    1    1    1    1    1    1    1    1  2.44155E+13 0.00986 
    2    1    1    1    2    1    1    1    1    1  1.62081E+14 0.00433 
    3    1    1    1    3    1    1    1    1    1  6.41425E+14 0.00233 
    4    1    1    1    4    1    1    1    1    1  1.53389E+15 0.00164 
    5    1    1    1    5    1    1    1    1    1  2.19244E+15 0.00138 
    6    1    1    1    6    1    1    1    1    1  1.90324E+15 0.00143 
    7    1    1    1    7    1    1    1    1    1  1.00091E+15 0.00195 
    8    1    1    1    8    1    1    1    1    1  3.13124E+14 0.00327 
    9    1    1    1    9    1    1    1    1    1  6.35409E+13 0.00620 
   10    1    1    1   10    1    1    1    1    1  5.25859E+13 0.00628 
   11    1    1    1   11    1    1    1    1    1  3.67024E+14 0.00272 
   12    1    1    1   12    1    1    1    1    1  1.49359E+15 0.00156 
   13    1    1    1   13    1    1    1    1    1  3.47341E+15 0.00104 
   14    1    1    1   14    1    1    1    1    1  4.78828E+15 0.00082 
   15    1    1    1   15    1    1    1    1    1  4.22334E+15 0.00090 
   16    1    1    1   16    1    1    1    1    1  2.30299E+15 0.00120 
   17    1    1    1   17    1    1    1    1    1  7.16470E+14 0.00215 
   18    1    1    1   18    1    1    1    1    1  1.32579E+14 0.00420 
   19    1    1    1   19    1    1    1    1    1  6.69972E+13 0.00547 
   20    1    1    1   20    1    1    1    1    1  4.84021E+14 0.00233 
   21    1    1    1   21    1    1    1    1    1  1.92471E+15 0.00137 
   22    1    1    1   22    1    1    1    1    1  4.21536E+15 0.00082 
   23    1    1    1   23    1    1    1    1    1  5.58347E+15 0.00063 
   24    1    1    1   24    1    1    1    1    1  5.00112E+15 0.00073 
   25    1    1    1   25    1    1    1    1    1  2.88713E+15 0.00109 
   26    1    1    1   26    1    1    1    1    1  9.31154E+14 0.00184 
   27    1    1    1   27    1    1    1    1    1  1.68848E+14 0.00364 
   28    1    1    1   28    1    1    1    1    1  6.70337E+13 0.00532 
   29    1    1    1   29    1    1    1    1    1  4.82703E+14 0.00237 
   30    1    1    1   30    1    1    1    1    1  1.86256E+15 0.00129 
   31    1    1    1   31    1    1    1    1    1  3.85997E+15 0.00080 
   32    1    1    1   32    1    1    1    1    1  4.94046E+15 0.00066 
   33    1    1    1   33    1    1    1    1    1  4.48398E+15 0.00071 
   34    1    1    1   34    1    1    1    1    1  2.71912E+15 0.00105 
   35    1    1    1   35    1    1    1    1    1  9.12968E+14 0.00176 
   36    1    1    1   36    1    1    1    1    1  1.67931E+14 0.00363 
   37    1    1    1   37    1    1    1    1    1  5.47040E+13 0.00573 
   38    1    1    1   38    1    1    1    1    1  3.84297E+14 0.00252 
   39    1    1    1   39    1    1    1    1    1  1.45560E+15 0.00137 
   40    1    1    1   40    1    1    1    1    1  2.94952E+15 0.00091 
   41    1    1    1   41    1    1    1    1    1  3.75110E+15 0.00075 
   42    1    1    1   42    1    1    1    1    1  3.41241E+15 0.00082 
   43    1    1    1   43    1    1    1    1    1  2.09654E+15 0.00113 
   44    1    1    1   44    1    1    1    1    1  7.21204E+14 0.00198 
   45    1    1    1   45    1    1    1    1    1  1.35980E+14 0.00387 
   46    1    1    1   46    1    1    1    1    1  3.78541E+13 0.00639 
   47    1    1    1   47    1    1    1    1    1  2.51420E+14 0.00281 
   48    1    1    1   48    1    1    1    1    1  9.32788E+14 0.00158 
   49    1    1    1   49    1    1    1    1    1  1.95213E+15 0.00104 
   50    1    1    1   50    1    1    1    1    1  2.55615E+15 0.00089 
   51    1    1    1   51    1    1    1    1    1  2.29371E+15 0.00097 
   52    1    1    1   52    1    1    1    1    1  1.35949E+15 0.00128 
   53    1    1    1   53    1    1    1    1    1  4.68438E+14 0.00216 
   54    1    1    1   54    1    1    1    1    1  9.29326E+13 0.00419 
   55    1    1    1   55    1    1    1    1    1  2.37286E+13 0.00798 
   56    1    1    1   56    1    1    1    1    1  1.49583E+14 0.00344 
   57    1    1    1   57    1    1    1    1    1  5.42296E+14 0.00189 
   58    1    1    1   58    1    1    1    1    1  1.16667E+15 0.00125 
   59    1    1    1   59    1    1    1    1    1  1.57051E+15 0.00113 
   60    1    1    1   60    1    1    1    1    1  1.39608E+15 0.00121 
   61    1    1    1   61    1    1    1    1    1  7.97736E+14 0.00157 
   62    1    1    1   62    1    1    1    1    1  2.74437E+14 0.00257 
   63    1    1    1   63    1    1    1    1    1  5.72270E+13 0.00511 
   64    1    1    1   64    1    1    1    1    1  1.39839E+13 0.00981 
   65    1    1    1   65    1    1    1    1    1  8.33198E+13 0.00413 
   66    1    1    1   66    1    1    1    1    1  2.93654E+14 0.00239 
   67    1    1    1   67    1    1    1    1    1  6.34467E+14 0.00161 
   68    1    1    1   68    1    1    1    1    1  8.64068E+14 0.00144 
   69    1    1    1   69    1    1    1    1    1  7.65727E+14 0.00151 
   70    1    1    1   70    1    1    1    1    1  4.31933E+14 0.00196 
   71    1    1    1   71    1    1    1    1    1  1.51403E+14 0.00320 
   72    1    1    1   72    1    1    1    1    1  3.33883E+13 0.00627 
   73    1    1    1   73    1    1    1    1    1  7.83215E+12 0.01234 
   74    1    1    1   74    1    1    1    1    1  4.48557E+13 0.00542 
   75    1    1    1   75    1    1    1    1    1  1.53105E+14 0.00309 
   76    1    1    1   76    1    1    1    1    1  3.29000E+14 0.00225 
   77    1    1    1   77    1    1    1    1    1  4.48869E+14 0.00186 
   78    1    1    1   78    1    1    1    1    1  3.97197E+14 0.00200 
   79    1    1    1   79    1    1    1    1    1  2.25620E+14 0.00263 
   80    1    1    1   80    1    1    1    1    1  8.08013E+13 0.00416 
   81    1    1    1   81    1    1    1    1    1  1.90767E+13 0.00773 
   82    1    1    1   82    1    1    1    1    1  4.31325E+12 0.01583 
   83    1    1    1   83    1    1    1    1    1  2.36932E+13 0.00734 
   84    1    1    1   84    1    1    1    1    1  7.78557E+13 0.00410 
   85    1    1    1   85    1    1    1    1    1  1.66522E+14 0.00287 
   86    1    1    1   86    1    1    1    1    1  2.26780E+14 0.00239 
   87    1    1    1   87    1    1    1    1    1  2.00334E+14 0.00271 
   88    1    1    1   88    1    1    1    1    1  1.15442E+14 0.00319 
   89    1    1    1   89    1    1    1    1    1  4.18754E+13 0.00547 
   90    1    1    1   90    1    1    1    1    1  1.08164E+13 0.01023 
   91    1    1    1   91    1    1    1    1    1  2.47088E+12 0.02120 
   92    1    1    1   92    1    1    1    1    1  1.23721E+13 0.00941 
   93    1    1    1   93    1    1    1    1    1  3.94625E+13 0.00537 
   94    1    1    1   94    1    1    1    1    1  8.32621E+13 0.00378 
   95    1    1    1   95    1    1    1    1    1  1.13190E+14 0.00319 
   96    1    1    1   96    1    1    1    1    1  9.95944E+13 0.00354 
   97    1    1    1   97    1    1    1    1    1  5.77894E+13 0.00450 
   98    1    1    1   98    1    1    1    1    1  2.16076E+13 0.00708 
   99    1    1    1   99    1    1    1    1    1  6.03101E+12 0.01290 
  100    1    1    1  100    1    1    1    1    1  1.44887E+12 0.02649 
  101    1    1    1  101    1    1    1    1    1  6.71722E+12 0.01294 
  102    1    1    1  102    1    1    1    1    1  2.07130E+13 0.00732 
  103    1    1    1  103    1    1    1    1    1  4.21202E+13 0.00505 
  104    1    1    1  104    1    1    1    1    1  5.66579E+13 0.00452 
  105    1    1    1  105    1    1    1    1    1  5.00136E+13 0.00474 
  106    1    1    1  106    1    1    1    1    1  2.99052E+13 0.00616 
  107    1    1    1  107    1    1    1    1    1  1.14655E+13 0.00952 
  108    1    1    1  108    1    1    1    1    1  3.64564E+12 0.01610 
];


