
DETflux = [
    1    1    1    1    1    1    1    1    1    1  2.55756E+13 0.01018 
    2    1    1    1    2    1    1    1    1    1  1.66653E+14 0.00402 
    3    1    1    1    3    1    1    1    1    1  6.55013E+14 0.00240 
    4    1    1    1    4    1    1    1    1    1  1.56335E+15 0.00172 
    5    1    1    1    5    1    1    1    1    1  2.23008E+15 0.00148 
    6    1    1    1    6    1    1    1    1    1  1.92901E+15 0.00148 
    7    1    1    1    7    1    1    1    1    1  1.01687E+15 0.00192 
    8    1    1    1    8    1    1    1    1    1  3.20984E+14 0.00327 
    9    1    1    1    9    1    1    1    1    1  6.47980E+13 0.00636 
   10    1    1    1   10    1    1    1    1    1  5.37811E+13 0.00633 
   11    1    1    1   11    1    1    1    1    1  3.74998E+14 0.00267 
   12    1    1    1   12    1    1    1    1    1  1.51747E+15 0.00156 
   13    1    1    1   13    1    1    1    1    1  3.51603E+15 0.00104 
   14    1    1    1   14    1    1    1    1    1  4.85146E+15 0.00082 
   15    1    1    1   15    1    1    1    1    1  4.26529E+15 0.00086 
   16    1    1    1   16    1    1    1    1    1  2.33369E+15 0.00128 
   17    1    1    1   17    1    1    1    1    1  7.27659E+14 0.00211 
   18    1    1    1   18    1    1    1    1    1  1.35174E+14 0.00432 
   19    1    1    1   19    1    1    1    1    1  6.90969E+13 0.00540 
   20    1    1    1   20    1    1    1    1    1  4.93130E+14 0.00233 
   21    1    1    1   21    1    1    1    1    1  1.95339E+15 0.00132 
   22    1    1    1   22    1    1    1    1    1  4.26952E+15 0.00085 
   23    1    1    1   23    1    1    1    1    1  5.63888E+15 0.00062 
   24    1    1    1   24    1    1    1    1    1  5.05505E+15 0.00068 
   25    1    1    1   25    1    1    1    1    1  2.91947E+15 0.00108 
   26    1    1    1   26    1    1    1    1    1  9.46626E+14 0.00180 
   27    1    1    1   27    1    1    1    1    1  1.73063E+14 0.00367 
   28    1    1    1   28    1    1    1    1    1  6.88164E+13 0.00511 
   29    1    1    1   29    1    1    1    1    1  4.90244E+14 0.00221 
   30    1    1    1   30    1    1    1    1    1  1.88833E+15 0.00133 
   31    1    1    1   31    1    1    1    1    1  3.90478E+15 0.00080 
   32    1    1    1   32    1    1    1    1    1  4.99337E+15 0.00062 
   33    1    1    1   33    1    1    1    1    1  4.52814E+15 0.00070 
   34    1    1    1   34    1    1    1    1    1  2.75404E+15 0.00103 
   35    1    1    1   35    1    1    1    1    1  9.30630E+14 0.00172 
   36    1    1    1   36    1    1    1    1    1  1.72989E+14 0.00352 
   37    1    1    1   37    1    1    1    1    1  5.63171E+13 0.00559 
   38    1    1    1   38    1    1    1    1    1  3.91638E+14 0.00244 
   39    1    1    1   39    1    1    1    1    1  1.47414E+15 0.00141 
   40    1    1    1   40    1    1    1    1    1  2.98593E+15 0.00095 
   41    1    1    1   41    1    1    1    1    1  3.79103E+15 0.00076 
   42    1    1    1   42    1    1    1    1    1  3.44344E+15 0.00081 
   43    1    1    1   43    1    1    1    1    1  2.12212E+15 0.00112 
   44    1    1    1   44    1    1    1    1    1  7.37050E+14 0.00184 
   45    1    1    1   45    1    1    1    1    1  1.40185E+14 0.00385 
   46    1    1    1   46    1    1    1    1    1  3.89680E+13 0.00607 
   47    1    1    1   47    1    1    1    1    1  2.57498E+14 0.00277 
   48    1    1    1   48    1    1    1    1    1  9.46301E+14 0.00151 
   49    1    1    1   49    1    1    1    1    1  1.97828E+15 0.00113 
   50    1    1    1   50    1    1    1    1    1  2.59041E+15 0.00090 
   51    1    1    1   51    1    1    1    1    1  2.32037E+15 0.00093 
   52    1    1    1   52    1    1    1    1    1  1.37541E+15 0.00132 
   53    1    1    1   53    1    1    1    1    1  4.77395E+14 0.00213 
   54    1    1    1   54    1    1    1    1    1  9.55701E+13 0.00429 
   55    1    1    1   55    1    1    1    1    1  2.42046E+13 0.00766 
   56    1    1    1   56    1    1    1    1    1  1.52689E+14 0.00336 
   57    1    1    1   57    1    1    1    1    1  5.51992E+14 0.00191 
   58    1    1    1   58    1    1    1    1    1  1.18643E+15 0.00137 
   59    1    1    1   59    1    1    1    1    1  1.59577E+15 0.00111 
   60    1    1    1   60    1    1    1    1    1  1.41262E+15 0.00119 
   61    1    1    1   61    1    1    1    1    1  8.10843E+14 0.00161 
   62    1    1    1   62    1    1    1    1    1  2.80300E+14 0.00253 
   63    1    1    1   63    1    1    1    1    1  5.85860E+13 0.00486 
   64    1    1    1   64    1    1    1    1    1  1.44098E+13 0.00960 
   65    1    1    1   65    1    1    1    1    1  8.51543E+13 0.00425 
   66    1    1    1   66    1    1    1    1    1  3.00056E+14 0.00224 
   67    1    1    1   67    1    1    1    1    1  6.47541E+14 0.00160 
   68    1    1    1   68    1    1    1    1    1  8.81015E+14 0.00145 
   69    1    1    1   69    1    1    1    1    1  7.77241E+14 0.00154 
   70    1    1    1   70    1    1    1    1    1  4.41031E+14 0.00204 
   71    1    1    1   71    1    1    1    1    1  1.54313E+14 0.00329 
   72    1    1    1   72    1    1    1    1    1  3.43879E+13 0.00622 
   73    1    1    1   73    1    1    1    1    1  8.13344E+12 0.01210 
   74    1    1    1   74    1    1    1    1    1  4.61856E+13 0.00518 
   75    1    1    1   75    1    1    1    1    1  1.57285E+14 0.00294 
   76    1    1    1   76    1    1    1    1    1  3.36867E+14 0.00208 
   77    1    1    1   77    1    1    1    1    1  4.59862E+14 0.00190 
   78    1    1    1   78    1    1    1    1    1  4.05576E+14 0.00193 
   79    1    1    1   79    1    1    1    1    1  2.30345E+14 0.00272 
   80    1    1    1   80    1    1    1    1    1  8.21882E+13 0.00436 
   81    1    1    1   81    1    1    1    1    1  1.97726E+13 0.00788 
   82    1    1    1   82    1    1    1    1    1  4.49005E+12 0.01627 
   83    1    1    1   83    1    1    1    1    1  2.43943E+13 0.00706 
   84    1    1    1   84    1    1    1    1    1  8.12611E+13 0.00400 
   85    1    1    1   85    1    1    1    1    1  1.71510E+14 0.00274 
   86    1    1    1   86    1    1    1    1    1  2.33497E+14 0.00240 
   87    1    1    1   87    1    1    1    1    1  2.05959E+14 0.00266 
   88    1    1    1   88    1    1    1    1    1  1.18154E+14 0.00351 
   89    1    1    1   89    1    1    1    1    1  4.32048E+13 0.00561 
   90    1    1    1   90    1    1    1    1    1  1.12696E+13 0.01026 
   91    1    1    1   91    1    1    1    1    1  2.48107E+12 0.02087 
   92    1    1    1   92    1    1    1    1    1  1.28718E+13 0.00943 
   93    1    1    1   93    1    1    1    1    1  4.15247E+13 0.00563 
   94    1    1    1   94    1    1    1    1    1  8.59786E+13 0.00381 
   95    1    1    1   95    1    1    1    1    1  1.16506E+14 0.00332 
   96    1    1    1   96    1    1    1    1    1  1.02759E+14 0.00353 
   97    1    1    1   97    1    1    1    1    1  5.92993E+13 0.00462 
   98    1    1    1   98    1    1    1    1    1  2.26207E+13 0.00743 
   99    1    1    1   99    1    1    1    1    1  6.56821E+12 0.01268 
  100    1    1    1  100    1    1    1    1    1  1.45332E+12 0.02604 
  101    1    1    1  101    1    1    1    1    1  7.06865E+12 0.01237 
  102    1    1    1  102    1    1    1    1    1  2.15167E+13 0.00739 
  103    1    1    1  103    1    1    1    1    1  4.38108E+13 0.00519 
  104    1    1    1  104    1    1    1    1    1  5.84106E+13 0.00453 
  105    1    1    1  105    1    1    1    1    1  5.16384E+13 0.00476 
  106    1    1    1  106    1    1    1    1    1  3.04404E+13 0.00625 
  107    1    1    1  107    1    1    1    1    1  1.20287E+13 0.01011 
  108    1    1    1  108    1    1    1    1    1  3.92346E+12 0.01614 
];


