
DETflux = [
    1    1    1    1    1    1    1    1    1    1  2.97228E+13 0.00909 
    2    1    1    1    2    1    1    1    1    1  1.94198E+14 0.00425 
    3    1    1    1    3    1    1    1    1    1  7.60670E+14 0.00226 
    4    1    1    1    4    1    1    1    1    1  1.79468E+15 0.00154 
    5    1    1    1    5    1    1    1    1    1  2.54105E+15 0.00138 
    6    1    1    1    6    1    1    1    1    1  2.21062E+15 0.00144 
    7    1    1    1    7    1    1    1    1    1  1.17859E+15 0.00191 
    8    1    1    1    8    1    1    1    1    1  3.73788E+14 0.00316 
    9    1    1    1    9    1    1    1    1    1  7.64480E+13 0.00619 
   10    1    1    1   10    1    1    1    1    1  5.96349E+13 0.00598 
   11    1    1    1   11    1    1    1    1    1  4.10139E+14 0.00268 
   12    1    1    1   12    1    1    1    1    1  1.60934E+15 0.00146 
   13    1    1    1   13    1    1    1    1    1  3.58834E+15 0.00092 
   14    1    1    1   14    1    1    1    1    1  4.84139E+15 0.00080 
   15    1    1    1   15    1    1    1    1    1  4.31942E+15 0.00085 
   16    1    1    1   16    1    1    1    1    1  2.45380E+15 0.00117 
   17    1    1    1   17    1    1    1    1    1  7.92672E+14 0.00198 
   18    1    1    1   18    1    1    1    1    1  1.50872E+14 0.00400 
   19    1    1    1   19    1    1    1    1    1  7.38986E+13 0.00502 
   20    1    1    1   20    1    1    1    1    1  5.21011E+14 0.00222 
   21    1    1    1   21    1    1    1    1    1  1.97975E+15 0.00123 
   22    1    1    1   22    1    1    1    1    1  4.12037E+15 0.00081 
   23    1    1    1   23    1    1    1    1    1  5.30841E+15 0.00066 
   24    1    1    1   24    1    1    1    1    1  4.83270E+15 0.00070 
   25    1    1    1   25    1    1    1    1    1  2.92798E+15 0.00105 
   26    1    1    1   26    1    1    1    1    1  9.92736E+14 0.00174 
   27    1    1    1   27    1    1    1    1    1  1.87539E+14 0.00352 
   28    1    1    1   28    1    1    1    1    1  7.29610E+13 0.00501 
   29    1    1    1   29    1    1    1    1    1  5.06428E+14 0.00227 
   30    1    1    1   30    1    1    1    1    1  1.86799E+15 0.00117 
   31    1    1    1   31    1    1    1    1    1  3.67546E+15 0.00082 
   32    1    1    1   32    1    1    1    1    1  4.57981E+15 0.00065 
   33    1    1    1   33    1    1    1    1    1  4.22329E+15 0.00069 
   34    1    1    1   34    1    1    1    1    1  2.68959E+15 0.00103 
   35    1    1    1   35    1    1    1    1    1  9.53417E+14 0.00173 
   36    1    1    1   36    1    1    1    1    1  1.83097E+14 0.00326 
   37    1    1    1   37    1    1    1    1    1  5.93163E+13 0.00531 
   38    1    1    1   38    1    1    1    1    1  4.02309E+14 0.00243 
   39    1    1    1   39    1    1    1    1    1  1.44771E+15 0.00132 
   40    1    1    1   40    1    1    1    1    1  2.79892E+15 0.00084 
   41    1    1    1   41    1    1    1    1    1  3.47695E+15 0.00074 
   42    1    1    1   42    1    1    1    1    1  3.20882E+15 0.00081 
   43    1    1    1   43    1    1    1    1    1  2.06550E+15 0.00109 
   44    1    1    1   44    1    1    1    1    1  7.50143E+14 0.00181 
   45    1    1    1   45    1    1    1    1    1  1.47493E+14 0.00338 
   46    1    1    1   46    1    1    1    1    1  4.09024E+13 0.00623 
   47    1    1    1   47    1    1    1    1    1  2.64596E+14 0.00271 
   48    1    1    1   48    1    1    1    1    1  9.35277E+14 0.00151 
   49    1    1    1   49    1    1    1    1    1  1.88563E+15 0.00105 
   50    1    1    1   50    1    1    1    1    1  2.42289E+15 0.00092 
   51    1    1    1   51    1    1    1    1    1  2.20300E+15 0.00098 
   52    1    1    1   52    1    1    1    1    1  1.35385E+15 0.00128 
   53    1    1    1   53    1    1    1    1    1  4.86829E+14 0.00205 
   54    1    1    1   54    1    1    1    1    1  9.99418E+13 0.00401 
   55    1    1    1   55    1    1    1    1    1  2.54976E+13 0.00747 
   56    1    1    1   56    1    1    1    1    1  1.57475E+14 0.00319 
   57    1    1    1   57    1    1    1    1    1  5.52405E+14 0.00181 
   58    1    1    1   58    1    1    1    1    1  1.15313E+15 0.00128 
   59    1    1    1   59    1    1    1    1    1  1.52895E+15 0.00113 
   60    1    1    1   60    1    1    1    1    1  1.37113E+15 0.00125 
   61    1    1    1   61    1    1    1    1    1  8.10283E+14 0.00157 
   62    1    1    1   62    1    1    1    1    1  2.87977E+14 0.00243 
   63    1    1    1   63    1    1    1    1    1  6.24736E+13 0.00487 
   64    1    1    1   64    1    1    1    1    1  1.49510E+13 0.00937 
   65    1    1    1   65    1    1    1    1    1  8.78950E+13 0.00418 
   66    1    1    1   66    1    1    1    1    1  3.02517E+14 0.00234 
   67    1    1    1   67    1    1    1    1    1  6.40415E+14 0.00171 
   68    1    1    1   68    1    1    1    1    1  8.62624E+14 0.00147 
   69    1    1    1   69    1    1    1    1    1  7.68356E+14 0.00161 
   70    1    1    1   70    1    1    1    1    1  4.45414E+14 0.00198 
   71    1    1    1   71    1    1    1    1    1  1.60054E+14 0.00302 
   72    1    1    1   72    1    1    1    1    1  3.65956E+13 0.00593 
   73    1    1    1   73    1    1    1    1    1  8.58393E+12 0.01181 
   74    1    1    1   74    1    1    1    1    1  4.80138E+13 0.00536 
   75    1    1    1   75    1    1    1    1    1  1.59961E+14 0.00303 
   76    1    1    1   76    1    1    1    1    1  3.39155E+14 0.00212 
   77    1    1    1   77    1    1    1    1    1  4.59119E+14 0.00177 
   78    1    1    1   78    1    1    1    1    1  4.06313E+14 0.00208 
   79    1    1    1   79    1    1    1    1    1  2.35514E+14 0.00260 
   80    1    1    1   80    1    1    1    1    1  8.56442E+13 0.00389 
   81    1    1    1   81    1    1    1    1    1  2.11485E+13 0.00790 
   82    1    1    1   82    1    1    1    1    1  4.69417E+12 0.01557 
   83    1    1    1   83    1    1    1    1    1  2.57241E+13 0.00721 
   84    1    1    1   84    1    1    1    1    1  8.28595E+13 0.00396 
   85    1    1    1   85    1    1    1    1    1  1.73789E+14 0.00297 
   86    1    1    1   86    1    1    1    1    1  2.36256E+14 0.00246 
   87    1    1    1   87    1    1    1    1    1  2.08503E+14 0.00266 
   88    1    1    1   88    1    1    1    1    1  1.21756E+14 0.00337 
   89    1    1    1   89    1    1    1    1    1  4.48803E+13 0.00511 
   90    1    1    1   90    1    1    1    1    1  1.19875E+13 0.00980 
   91    1    1    1   91    1    1    1    1    1  2.67187E+12 0.02058 
   92    1    1    1   92    1    1    1    1    1  1.35559E+13 0.00978 
   93    1    1    1   93    1    1    1    1    1  4.26284E+13 0.00524 
   94    1    1    1   94    1    1    1    1    1  8.83570E+13 0.00374 
   95    1    1    1   95    1    1    1    1    1  1.19335E+14 0.00334 
   96    1    1    1   96    1    1    1    1    1  1.05559E+14 0.00343 
   97    1    1    1   97    1    1    1    1    1  6.23609E+13 0.00434 
   98    1    1    1   98    1    1    1    1    1  2.34219E+13 0.00679 
   99    1    1    1   99    1    1    1    1    1  6.87513E+12 0.01233 
  100    1    1    1  100    1    1    1    1    1  1.63486E+12 0.02693 
  101    1    1    1  101    1    1    1    1    1  7.40034E+12 0.01248 
  102    1    1    1  102    1    1    1    1    1  2.22286E+13 0.00690 
  103    1    1    1  103    1    1    1    1    1  4.49712E+13 0.00512 
  104    1    1    1  104    1    1    1    1    1  6.03886E+13 0.00442 
  105    1    1    1  105    1    1    1    1    1  5.36990E+13 0.00461 
  106    1    1    1  106    1    1    1    1    1  3.20548E+13 0.00573 
  107    1    1    1  107    1    1    1    1    1  1.23751E+13 0.00928 
  108    1    1    1  108    1    1    1    1    1  4.18948E+12 0.01546 
];


