
DETflux = [
    1    1    1    1    1    1    1    1    1    1  3.63569E+13 0.00859 
    2    1    1    1    2    1    1    1    1    1  2.32853E+14 0.00373 
    3    1    1    1    3    1    1    1    1    1  8.96477E+14 0.00204 
    4    1    1    1    4    1    1    1    1    1  2.08225E+15 0.00147 
    5    1    1    1    5    1    1    1    1    1  2.93842E+15 0.00126 
    6    1    1    1    6    1    1    1    1    1  2.56716E+15 0.00133 
    7    1    1    1    7    1    1    1    1    1  1.37188E+15 0.00181 
    8    1    1    1    8    1    1    1    1    1  4.35907E+14 0.00286 
    9    1    1    1    9    1    1    1    1    1  8.86610E+13 0.00582 
   10    1    1    1   10    1    1    1    1    1  6.73299E+13 0.00580 
   11    1    1    1   11    1    1    1    1    1  4.52309E+14 0.00254 
   12    1    1    1   12    1    1    1    1    1  1.72296E+15 0.00143 
   13    1    1    1   13    1    1    1    1    1  3.68961E+15 0.00094 
   14    1    1    1   14    1    1    1    1    1  4.84197E+15 0.00079 
   15    1    1    1   15    1    1    1    1    1  4.34899E+15 0.00087 
   16    1    1    1   16    1    1    1    1    1  2.53153E+15 0.00131 
   17    1    1    1   17    1    1    1    1    1  8.43088E+14 0.00203 
   18    1    1    1   18    1    1    1    1    1  1.63724E+14 0.00404 
   19    1    1    1   19    1    1    1    1    1  8.16565E+13 0.00478 
   20    1    1    1   20    1    1    1    1    1  5.51541E+14 0.00226 
   21    1    1    1   21    1    1    1    1    1  2.02211E+15 0.00130 
   22    1    1    1   22    1    1    1    1    1  4.01255E+15 0.00090 
   23    1    1    1   23    1    1    1    1    1  5.00253E+15 0.00068 
   24    1    1    1   24    1    1    1    1    1  4.58816E+15 0.00075 
   25    1    1    1   25    1    1    1    1    1  2.87707E+15 0.00112 
   26    1    1    1   26    1    1    1    1    1  1.01671E+15 0.00180 
   27    1    1    1   27    1    1    1    1    1  1.99206E+14 0.00351 
   28    1    1    1   28    1    1    1    1    1  7.86094E+13 0.00467 
   29    1    1    1   29    1    1    1    1    1  5.26531E+14 0.00227 
   30    1    1    1   30    1    1    1    1    1  1.86396E+15 0.00131 
   31    1    1    1   31    1    1    1    1    1  3.48188E+15 0.00093 
   32    1    1    1   32    1    1    1    1    1  4.21446E+15 0.00071 
   33    1    1    1   33    1    1    1    1    1  3.90684E+15 0.00072 
   34    1    1    1   34    1    1    1    1    1  2.58042E+15 0.00107 
   35    1    1    1   35    1    1    1    1    1  9.58485E+14 0.00173 
   36    1    1    1   36    1    1    1    1    1  1.88811E+14 0.00344 
   37    1    1    1   37    1    1    1    1    1  6.28303E+13 0.00501 
   38    1    1    1   38    1    1    1    1    1  4.14072E+14 0.00246 
   39    1    1    1   39    1    1    1    1    1  1.43193E+15 0.00142 
   40    1    1    1   40    1    1    1    1    1  2.64449E+15 0.00100 
   41    1    1    1   41    1    1    1    1    1  3.20279E+15 0.00082 
   42    1    1    1   42    1    1    1    1    1  2.96774E+15 0.00086 
   43    1    1    1   43    1    1    1    1    1  1.97032E+15 0.00119 
   44    1    1    1   44    1    1    1    1    1  7.44686E+14 0.00192 
   45    1    1    1   45    1    1    1    1    1  1.50165E+14 0.00377 
   46    1    1    1   46    1    1    1    1    1  4.32139E+13 0.00577 
   47    1    1    1   47    1    1    1    1    1  2.71202E+14 0.00266 
   48    1    1    1   48    1    1    1    1    1  9.30249E+14 0.00167 
   49    1    1    1   49    1    1    1    1    1  1.80432E+15 0.00117 
   50    1    1    1   50    1    1    1    1    1  2.27466E+15 0.00103 
   51    1    1    1   51    1    1    1    1    1  2.07092E+15 0.00106 
   52    1    1    1   52    1    1    1    1    1  1.30470E+15 0.00137 
   53    1    1    1   53    1    1    1    1    1  4.83886E+14 0.00213 
   54    1    1    1   54    1    1    1    1    1  1.03145E+14 0.00405 
   55    1    1    1   55    1    1    1    1    1  2.72046E+13 0.00720 
   56    1    1    1   56    1    1    1    1    1  1.62031E+14 0.00325 
   57    1    1    1   57    1    1    1    1    1  5.51401E+14 0.00199 
   58    1    1    1   58    1    1    1    1    1  1.12154E+15 0.00141 
   59    1    1    1   59    1    1    1    1    1  1.46226E+15 0.00120 
   60    1    1    1   60    1    1    1    1    1  1.31125E+15 0.00125 
   61    1    1    1   61    1    1    1    1    1  7.88826E+14 0.00159 
   62    1    1    1   62    1    1    1    1    1  2.87631E+14 0.00253 
   63    1    1    1   63    1    1    1    1    1  6.39364E+13 0.00470 
   64    1    1    1   64    1    1    1    1    1  1.59457E+13 0.00896 
   65    1    1    1   65    1    1    1    1    1  9.13818E+13 0.00409 
   66    1    1    1   66    1    1    1    1    1  3.04814E+14 0.00241 
   67    1    1    1   67    1    1    1    1    1  6.32343E+14 0.00171 
   68    1    1    1   68    1    1    1    1    1  8.39640E+14 0.00145 
   69    1    1    1   69    1    1    1    1    1  7.43775E+14 0.00159 
   70    1    1    1   70    1    1    1    1    1  4.39849E+14 0.00205 
   71    1    1    1   71    1    1    1    1    1  1.61735E+14 0.00321 
   72    1    1    1   72    1    1    1    1    1  3.76631E+13 0.00592 
   73    1    1    1   73    1    1    1    1    1  9.09322E+12 0.01216 
   74    1    1    1   74    1    1    1    1    1  4.98148E+13 0.00533 
   75    1    1    1   75    1    1    1    1    1  1.62739E+14 0.00308 
   76    1    1    1   76    1    1    1    1    1  3.37579E+14 0.00212 
   77    1    1    1   77    1    1    1    1    1  4.52743E+14 0.00185 
   78    1    1    1   78    1    1    1    1    1  4.01129E+14 0.00204 
   79    1    1    1   79    1    1    1    1    1  2.35060E+14 0.00267 
   80    1    1    1   80    1    1    1    1    1  8.79491E+13 0.00400 
   81    1    1    1   81    1    1    1    1    1  2.17287E+13 0.00748 
   82    1    1    1   82    1    1    1    1    1  5.00582E+12 0.01501 
   83    1    1    1   83    1    1    1    1    1  2.67134E+13 0.00686 
   84    1    1    1   84    1    1    1    1    1  8.52462E+13 0.00404 
   85    1    1    1   85    1    1    1    1    1  1.75854E+14 0.00277 
   86    1    1    1   86    1    1    1    1    1  2.36157E+14 0.00240 
   87    1    1    1   87    1    1    1    1    1  2.09698E+14 0.00260 
   88    1    1    1   88    1    1    1    1    1  1.22494E+14 0.00335 
   89    1    1    1   89    1    1    1    1    1  4.65529E+13 0.00516 
   90    1    1    1   90    1    1    1    1    1  1.25497E+13 0.00954 
   91    1    1    1   91    1    1    1    1    1  2.71636E+12 0.02054 
   92    1    1    1   92    1    1    1    1    1  1.42375E+13 0.00890 
   93    1    1    1   93    1    1    1    1    1  4.38706E+13 0.00544 
   94    1    1    1   94    1    1    1    1    1  8.98879E+13 0.00380 
   95    1    1    1   95    1    1    1    1    1  1.20355E+14 0.00318 
   96    1    1    1   96    1    1    1    1    1  1.07597E+14 0.00347 
   97    1    1    1   97    1    1    1    1    1  6.34184E+13 0.00458 
   98    1    1    1   98    1    1    1    1    1  2.44300E+13 0.00700 
   99    1    1    1   99    1    1    1    1    1  7.26431E+12 0.01231 
  100    1    1    1  100    1    1    1    1    1  1.59324E+12 0.02420 
  101    1    1    1  101    1    1    1    1    1  7.74466E+12 0.01129 
  102    1    1    1  102    1    1    1    1    1  2.29142E+13 0.00718 
  103    1    1    1  103    1    1    1    1    1  4.59364E+13 0.00520 
  104    1    1    1  104    1    1    1    1    1  6.15492E+13 0.00438 
  105    1    1    1  105    1    1    1    1    1  5.49800E+13 0.00451 
  106    1    1    1  106    1    1    1    1    1  3.26412E+13 0.00582 
  107    1    1    1  107    1    1    1    1    1  1.31006E+13 0.00902 
  108    1    1    1  108    1    1    1    1    1  4.41082E+12 0.01520 
];


