
DETflux = [
    1    1    1    1    1    1    1    1    1    1  2.20521E+13 0.01074 
    2    1    1    1    2    1    1    1    1    1  1.44234E+14 0.00463 
    3    1    1    1    3    1    1    1    1    1  5.68746E+14 0.00246 
    4    1    1    1    4    1    1    1    1    1  1.36650E+15 0.00163 
    5    1    1    1    5    1    1    1    1    1  1.96393E+15 0.00145 
    6    1    1    1    6    1    1    1    1    1  1.69456E+15 0.00158 
    7    1    1    1    7    1    1    1    1    1  8.82026E+14 0.00199 
    8    1    1    1    8    1    1    1    1    1  2.75656E+14 0.00340 
    9    1    1    1    9    1    1    1    1    1  5.56405E+13 0.00675 
   10    1    1    1   10    1    1    1    1    1  4.80256E+13 0.00677 
   11    1    1    1   11    1    1    1    1    1  3.45703E+14 0.00304 
   12    1    1    1   12    1    1    1    1    1  1.43315E+15 0.00161 
   13    1    1    1   13    1    1    1    1    1  3.43455E+15 0.00100 
   14    1    1    1   14    1    1    1    1    1  4.83154E+15 0.00081 
   15    1    1    1   15    1    1    1    1    1  4.19813E+15 0.00091 
   16    1    1    1   16    1    1    1    1    1  2.21757E+15 0.00128 
   17    1    1    1   17    1    1    1    1    1  6.71172E+14 0.00206 
   18    1    1    1   18    1    1    1    1    1  1.21085E+14 0.00441 
   19    1    1    1   19    1    1    1    1    1  6.42699E+13 0.00593 
   20    1    1    1   20    1    1    1    1    1  4.68389E+14 0.00241 
   21    1    1    1   21    1    1    1    1    1  1.92375E+15 0.00137 
   22    1    1    1   22    1    1    1    1    1  4.40206E+15 0.00081 
   23    1    1    1   23    1    1    1    1    1  5.97429E+15 0.00061 
   24    1    1    1   24    1    1    1    1    1  5.27053E+15 0.00072 
   25    1    1    1   25    1    1    1    1    1  2.91660E+15 0.00104 
   26    1    1    1   26    1    1    1    1    1  9.05701E+14 0.00175 
   27    1    1    1   27    1    1    1    1    1  1.60632E+14 0.00357 
   28    1    1    1   28    1    1    1    1    1  6.51402E+13 0.00565 
   29    1    1    1   29    1    1    1    1    1  4.75427E+14 0.00241 
   30    1    1    1   30    1    1    1    1    1  1.91186E+15 0.00134 
   31    1    1    1   31    1    1    1    1    1  4.14411E+15 0.00081 
   32    1    1    1   32    1    1    1    1    1  5.43449E+15 0.00060 
   33    1    1    1   33    1    1    1    1    1  4.86250E+15 0.00070 
   34    1    1    1   34    1    1    1    1    1  2.83203E+15 0.00102 
   35    1    1    1   35    1    1    1    1    1  9.12434E+14 0.00179 
   36    1    1    1   36    1    1    1    1    1  1.62985E+14 0.00357 
   37    1    1    1   37    1    1    1    1    1  5.35474E+13 0.00586 
   38    1    1    1   38    1    1    1    1    1  3.84370E+14 0.00256 
   39    1    1    1   39    1    1    1    1    1  1.50868E+15 0.00146 
   40    1    1    1   40    1    1    1    1    1  3.17739E+15 0.00086 
   41    1    1    1   41    1    1    1    1    1  4.12689E+15 0.00070 
   42    1    1    1   42    1    1    1    1    1  3.70720E+15 0.00082 
   43    1    1    1   43    1    1    1    1    1  2.20254E+15 0.00116 
   44    1    1    1   44    1    1    1    1    1  7.31129E+14 0.00189 
   45    1    1    1   45    1    1    1    1    1  1.33711E+14 0.00392 
   46    1    1    1   46    1    1    1    1    1  3.73203E+13 0.00655 
   47    1    1    1   47    1    1    1    1    1  2.52743E+14 0.00284 
   48    1    1    1   48    1    1    1    1    1  9.57916E+14 0.00160 
   49    1    1    1   49    1    1    1    1    1  2.06878E+15 0.00105 
   50    1    1    1   50    1    1    1    1    1  2.75647E+15 0.00089 
   51    1    1    1   51    1    1    1    1    1  2.45086E+15 0.00096 
   52    1    1    1   52    1    1    1    1    1  1.41188E+15 0.00137 
   53    1    1    1   53    1    1    1    1    1  4.73931E+14 0.00219 
   54    1    1    1   54    1    1    1    1    1  9.12312E+13 0.00439 
   55    1    1    1   55    1    1    1    1    1  2.33051E+13 0.00774 
   56    1    1    1   56    1    1    1    1    1  1.48892E+14 0.00353 
   57    1    1    1   57    1    1    1    1    1  5.51250E+14 0.00184 
   58    1    1    1   58    1    1    1    1    1  1.21375E+15 0.00127 
   59    1    1    1   59    1    1    1    1    1  1.66046E+15 0.00112 
   60    1    1    1   60    1    1    1    1    1  1.45837E+15 0.00118 
   61    1    1    1   61    1    1    1    1    1  8.18213E+14 0.00165 
   62    1    1    1   62    1    1    1    1    1  2.76190E+14 0.00262 
   63    1    1    1   63    1    1    1    1    1  5.68020E+13 0.00502 
   64    1    1    1   64    1    1    1    1    1  1.35731E+13 0.00925 
   65    1    1    1   65    1    1    1    1    1  8.25622E+13 0.00428 
   66    1    1    1   66    1    1    1    1    1  2.96145E+14 0.00240 
   67    1    1    1   67    1    1    1    1    1  6.49747E+14 0.00168 
   68    1    1    1   68    1    1    1    1    1  8.94698E+14 0.00141 
   69    1    1    1   69    1    1    1    1    1  7.83400E+14 0.00148 
   70    1    1    1   70    1    1    1    1    1  4.38937E+14 0.00204 
   71    1    1    1   71    1    1    1    1    1  1.51819E+14 0.00325 
   72    1    1    1   72    1    1    1    1    1  3.33529E+13 0.00652 
   73    1    1    1   73    1    1    1    1    1  7.68853E+12 0.01245 
   74    1    1    1   74    1    1    1    1    1  4.46511E+13 0.00584 
   75    1    1    1   75    1    1    1    1    1  1.53422E+14 0.00310 
   76    1    1    1   76    1    1    1    1    1  3.33687E+14 0.00208 
   77    1    1    1   77    1    1    1    1    1  4.58102E+14 0.00178 
   78    1    1    1   78    1    1    1    1    1  4.01145E+14 0.00197 
   79    1    1    1   79    1    1    1    1    1  2.26299E+14 0.00250 
   80    1    1    1   80    1    1    1    1    1  8.02670E+13 0.00414 
   81    1    1    1   81    1    1    1    1    1  1.90653E+13 0.00855 
   82    1    1    1   82    1    1    1    1    1  4.34919E+12 0.01658 
   83    1    1    1   83    1    1    1    1    1  2.35502E+13 0.00758 
   84    1    1    1   84    1    1    1    1    1  7.76191E+13 0.00403 
   85    1    1    1   85    1    1    1    1    1  1.67072E+14 0.00279 
   86    1    1    1   86    1    1    1    1    1  2.28835E+14 0.00235 
   87    1    1    1   87    1    1    1    1    1  1.99753E+14 0.00268 
   88    1    1    1   88    1    1    1    1    1  1.15068E+14 0.00343 
   89    1    1    1   89    1    1    1    1    1  4.16019E+13 0.00542 
   90    1    1    1   90    1    1    1    1    1  1.06042E+13 0.01035 
   91    1    1    1   91    1    1    1    1    1  2.44420E+12 0.02150 
   92    1    1    1   92    1    1    1    1    1  1.24137E+13 0.00972 
   93    1    1    1   93    1    1    1    1    1  3.90618E+13 0.00549 
   94    1    1    1   94    1    1    1    1    1  8.25025E+13 0.00405 
   95    1    1    1   95    1    1    1    1    1  1.12127E+14 0.00316 
   96    1    1    1   96    1    1    1    1    1  9.92743E+13 0.00355 
   97    1    1    1   97    1    1    1    1    1  5.75930E+13 0.00462 
   98    1    1    1   98    1    1    1    1    1  2.17006E+13 0.00714 
   99    1    1    1   99    1    1    1    1    1  5.92928E+12 0.01349 
  100    1    1    1  100    1    1    1    1    1  1.36882E+12 0.02739 
  101    1    1    1  101    1    1    1    1    1  6.64944E+12 0.01264 
  102    1    1    1  102    1    1    1    1    1  2.00598E+13 0.00741 
  103    1    1    1  103    1    1    1    1    1  4.12789E+13 0.00532 
  104    1    1    1  104    1    1    1    1    1  5.55541E+13 0.00437 
  105    1    1    1  105    1    1    1    1    1  4.93941E+13 0.00482 
  106    1    1    1  106    1    1    1    1    1  2.93969E+13 0.00610 
  107    1    1    1  107    1    1    1    1    1  1.12992E+13 0.00976 
  108    1    1    1  108    1    1    1    1    1  3.68754E+12 0.01736 
];


