
DETflux = [
    1    1    1    1    1    1    1    1    1    1  2.15394E+13 0.01041 
    2    1    1    1    2    1    1    1    1    1  1.40627E+14 0.00477 
    3    1    1    1    3    1    1    1    1    1  5.60950E+14 0.00252 
    4    1    1    1    4    1    1    1    1    1  1.34239E+15 0.00175 
    5    1    1    1    5    1    1    1    1    1  1.92010E+15 0.00146 
    6    1    1    1    6    1    1    1    1    1  1.65570E+15 0.00156 
    7    1    1    1    7    1    1    1    1    1  8.57873E+14 0.00207 
    8    1    1    1    8    1    1    1    1    1  2.64172E+14 0.00351 
    9    1    1    1    9    1    1    1    1    1  5.36028E+13 0.00697 
   10    1    1    1   10    1    1    1    1    1  4.73915E+13 0.00677 
   11    1    1    1   11    1    1    1    1    1  3.38427E+14 0.00299 
   12    1    1    1   12    1    1    1    1    1  1.41703E+15 0.00153 
   13    1    1    1   13    1    1    1    1    1  3.39281E+15 0.00100 
   14    1    1    1   14    1    1    1    1    1  4.76995E+15 0.00086 
   15    1    1    1   15    1    1    1    1    1  4.13702E+15 0.00090 
   16    1    1    1   16    1    1    1    1    1  2.17773E+15 0.00128 
   17    1    1    1   17    1    1    1    1    1  6.56977E+14 0.00215 
   18    1    1    1   18    1    1    1    1    1  1.18159E+14 0.00449 
   19    1    1    1   19    1    1    1    1    1  6.34207E+13 0.00566 
   20    1    1    1   20    1    1    1    1    1  4.61794E+14 0.00236 
   21    1    1    1   21    1    1    1    1    1  1.91154E+15 0.00132 
   22    1    1    1   22    1    1    1    1    1  4.37402E+15 0.00084 
   23    1    1    1   23    1    1    1    1    1  5.91907E+15 0.00063 
   24    1    1    1   24    1    1    1    1    1  5.20676E+15 0.00072 
   25    1    1    1   25    1    1    1    1    1  2.88052E+15 0.00105 
   26    1    1    1   26    1    1    1    1    1  8.89646E+14 0.00176 
   27    1    1    1   27    1    1    1    1    1  1.56180E+14 0.00365 
   28    1    1    1   28    1    1    1    1    1  6.41191E+13 0.00543 
   29    1    1    1   29    1    1    1    1    1  4.69935E+14 0.00226 
   30    1    1    1   30    1    1    1    1    1  1.89290E+15 0.00128 
   31    1    1    1   31    1    1    1    1    1  4.12465E+15 0.00080 
   32    1    1    1   32    1    1    1    1    1  5.39716E+15 0.00063 
   33    1    1    1   33    1    1    1    1    1  4.81277E+15 0.00069 
   34    1    1    1   34    1    1    1    1    1  2.79886E+15 0.00103 
   35    1    1    1   35    1    1    1    1    1  9.02516E+14 0.00173 
   36    1    1    1   36    1    1    1    1    1  1.57949E+14 0.00355 
   37    1    1    1   37    1    1    1    1    1  5.23245E+13 0.00585 
   38    1    1    1   38    1    1    1    1    1  3.80204E+14 0.00253 
   39    1    1    1   39    1    1    1    1    1  1.49382E+15 0.00133 
   40    1    1    1   40    1    1    1    1    1  3.16628E+15 0.00088 
   41    1    1    1   41    1    1    1    1    1  4.09764E+15 0.00071 
   42    1    1    1   42    1    1    1    1    1  3.67004E+15 0.00079 
   43    1    1    1   43    1    1    1    1    1  2.17620E+15 0.00110 
   44    1    1    1   44    1    1    1    1    1  7.22303E+14 0.00182 
   45    1    1    1   45    1    1    1    1    1  1.29989E+14 0.00389 
   46    1    1    1   46    1    1    1    1    1  3.63475E+13 0.00665 
   47    1    1    1   47    1    1    1    1    1  2.49243E+14 0.00287 
   48    1    1    1   48    1    1    1    1    1  9.51083E+14 0.00159 
   49    1    1    1   49    1    1    1    1    1  2.05926E+15 0.00107 
   50    1    1    1   50    1    1    1    1    1  2.73999E+15 0.00091 
   51    1    1    1   51    1    1    1    1    1  2.42355E+15 0.00096 
   52    1    1    1   52    1    1    1    1    1  1.39653E+15 0.00127 
   53    1    1    1   53    1    1    1    1    1  4.66016E+14 0.00215 
   54    1    1    1   54    1    1    1    1    1  8.91120E+13 0.00443 
   55    1    1    1   55    1    1    1    1    1  2.27790E+13 0.00774 
   56    1    1    1   56    1    1    1    1    1  1.47474E+14 0.00343 
   57    1    1    1   57    1    1    1    1    1  5.46356E+14 0.00197 
   58    1    1    1   58    1    1    1    1    1  1.20635E+15 0.00132 
   59    1    1    1   59    1    1    1    1    1  1.64512E+15 0.00114 
   60    1    1    1   60    1    1    1    1    1  1.44113E+15 0.00118 
   61    1    1    1   61    1    1    1    1    1  8.07345E+14 0.00160 
   62    1    1    1   62    1    1    1    1    1  2.70552E+14 0.00260 
   63    1    1    1   63    1    1    1    1    1  5.50421E+13 0.00520 
   64    1    1    1   64    1    1    1    1    1  1.33064E+13 0.01006 
   65    1    1    1   65    1    1    1    1    1  8.14939E+13 0.00443 
   66    1    1    1   66    1    1    1    1    1  2.93642E+14 0.00245 
   67    1    1    1   67    1    1    1    1    1  6.43009E+14 0.00165 
   68    1    1    1   68    1    1    1    1    1  8.83592E+14 0.00141 
   69    1    1    1   69    1    1    1    1    1  7.72210E+14 0.00147 
   70    1    1    1   70    1    1    1    1    1  4.31051E+14 0.00196 
   71    1    1    1   71    1    1    1    1    1  1.47628E+14 0.00315 
   72    1    1    1   72    1    1    1    1    1  3.18547E+13 0.00677 
   73    1    1    1   73    1    1    1    1    1  7.55468E+12 0.01284 
   74    1    1    1   74    1    1    1    1    1  4.37190E+13 0.00552 
   75    1    1    1   75    1    1    1    1    1  1.51550E+14 0.00322 
   76    1    1    1   76    1    1    1    1    1  3.27565E+14 0.00210 
   77    1    1    1   77    1    1    1    1    1  4.49075E+14 0.00189 
   78    1    1    1   78    1    1    1    1    1  3.93671E+14 0.00200 
   79    1    1    1   79    1    1    1    1    1  2.20858E+14 0.00261 
   80    1    1    1   80    1    1    1    1    1  7.76100E+13 0.00410 
   81    1    1    1   81    1    1    1    1    1  1.81746E+13 0.00836 
   82    1    1    1   82    1    1    1    1    1  4.10549E+12 0.01682 
   83    1    1    1   83    1    1    1    1    1  2.30782E+13 0.00717 
   84    1    1    1   84    1    1    1    1    1  7.64345E+13 0.00403 
   85    1    1    1   85    1    1    1    1    1  1.63421E+14 0.00293 
   86    1    1    1   86    1    1    1    1    1  2.23505E+14 0.00253 
   87    1    1    1   87    1    1    1    1    1  1.95576E+14 0.00266 
   88    1    1    1   88    1    1    1    1    1  1.10826E+14 0.00347 
   89    1    1    1   89    1    1    1    1    1  4.01297E+13 0.00553 
   90    1    1    1   90    1    1    1    1    1  1.01539E+13 0.01104 
   91    1    1    1   91    1    1    1    1    1  2.28596E+12 0.02094 
   92    1    1    1   92    1    1    1    1    1  1.21428E+13 0.00959 
   93    1    1    1   93    1    1    1    1    1  3.82353E+13 0.00572 
   94    1    1    1   94    1    1    1    1    1  8.06018E+13 0.00400 
   95    1    1    1   95    1    1    1    1    1  1.09933E+14 0.00340 
   96    1    1    1   96    1    1    1    1    1  9.64905E+13 0.00365 
   97    1    1    1   97    1    1    1    1    1  5.49474E+13 0.00455 
   98    1    1    1   98    1    1    1    1    1  2.05244E+13 0.00752 
   99    1    1    1   99    1    1    1    1    1  5.84745E+12 0.01372 
  100    1    1    1  100    1    1    1    1    1  1.35524E+12 0.02677 
  101    1    1    1  101    1    1    1    1    1  6.48820E+12 0.01252 
  102    1    1    1  102    1    1    1    1    1  1.94736E+13 0.00762 
  103    1    1    1  103    1    1    1    1    1  4.05371E+13 0.00542 
  104    1    1    1  104    1    1    1    1    1  5.42866E+13 0.00461 
  105    1    1    1  105    1    1    1    1    1  4.83379E+13 0.00510 
  106    1    1    1  106    1    1    1    1    1  2.80587E+13 0.00632 
  107    1    1    1  107    1    1    1    1    1  1.08916E+13 0.01040 
  108    1    1    1  108    1    1    1    1    1  3.55610E+12 0.01799 
];


