
DETflux = [
    1    1    1    1    1    1    1    1    1    1  2.13693E+13 0.01078 
    2    1    1    1    2    1    1    1    1    1  1.40199E+14 0.00461 
    3    1    1    1    3    1    1    1    1    1  5.54998E+14 0.00240 
    4    1    1    1    4    1    1    1    1    1  1.33292E+15 0.00168 
    5    1    1    1    5    1    1    1    1    1  1.91807E+15 0.00150 
    6    1    1    1    6    1    1    1    1    1  1.66792E+15 0.00154 
    7    1    1    1    7    1    1    1    1    1  8.68760E+14 0.00217 
    8    1    1    1    8    1    1    1    1    1  2.69721E+14 0.00350 
    9    1    1    1    9    1    1    1    1    1  5.40490E+13 0.00711 
   10    1    1    1   10    1    1    1    1    1  4.68557E+13 0.00703 
   11    1    1    1   11    1    1    1    1    1  3.34450E+14 0.00288 
   12    1    1    1   12    1    1    1    1    1  1.40379E+15 0.00153 
   13    1    1    1   13    1    1    1    1    1  3.37443E+15 0.00102 
   14    1    1    1   14    1    1    1    1    1  4.75311E+15 0.00078 
   15    1    1    1   15    1    1    1    1    1  4.15607E+15 0.00088 
   16    1    1    1   16    1    1    1    1    1  2.20006E+15 0.00124 
   17    1    1    1   17    1    1    1    1    1  6.62744E+14 0.00210 
   18    1    1    1   18    1    1    1    1    1  1.19116E+14 0.00461 
   19    1    1    1   19    1    1    1    1    1  6.21819E+13 0.00559 
   20    1    1    1   20    1    1    1    1    1  4.56438E+14 0.00242 
   21    1    1    1   21    1    1    1    1    1  1.89574E+15 0.00126 
   22    1    1    1   22    1    1    1    1    1  4.34428E+15 0.00084 
   23    1    1    1   23    1    1    1    1    1  5.91318E+15 0.00062 
   24    1    1    1   24    1    1    1    1    1  5.23704E+15 0.00066 
   25    1    1    1   25    1    1    1    1    1  2.90562E+15 0.00102 
   26    1    1    1   26    1    1    1    1    1  8.98126E+14 0.00183 
   27    1    1    1   27    1    1    1    1    1  1.58004E+14 0.00388 
   28    1    1    1   28    1    1    1    1    1  6.30960E+13 0.00530 
   29    1    1    1   29    1    1    1    1    1  4.64894E+14 0.00227 
   30    1    1    1   30    1    1    1    1    1  1.88150E+15 0.00122 
   31    1    1    1   31    1    1    1    1    1  4.09205E+15 0.00079 
   32    1    1    1   32    1    1    1    1    1  5.39243E+15 0.00061 
   33    1    1    1   33    1    1    1    1    1  4.83789E+15 0.00069 
   34    1    1    1   34    1    1    1    1    1  2.82329E+15 0.00107 
   35    1    1    1   35    1    1    1    1    1  9.08946E+14 0.00169 
   36    1    1    1   36    1    1    1    1    1  1.60859E+14 0.00362 
   37    1    1    1   37    1    1    1    1    1  5.18150E+13 0.00574 
   38    1    1    1   38    1    1    1    1    1  3.76422E+14 0.00248 
   39    1    1    1   39    1    1    1    1    1  1.48592E+15 0.00131 
   40    1    1    1   40    1    1    1    1    1  3.14553E+15 0.00083 
   41    1    1    1   41    1    1    1    1    1  4.09423E+15 0.00068 
   42    1    1    1   42    1    1    1    1    1  3.68721E+15 0.00075 
   43    1    1    1   43    1    1    1    1    1  2.19401E+15 0.00113 
   44    1    1    1   44    1    1    1    1    1  7.26477E+14 0.00178 
   45    1    1    1   45    1    1    1    1    1  1.32215E+14 0.00388 
   46    1    1    1   46    1    1    1    1    1  3.64267E+13 0.00659 
   47    1    1    1   47    1    1    1    1    1  2.48465E+14 0.00285 
   48    1    1    1   48    1    1    1    1    1  9.44775E+14 0.00145 
   49    1    1    1   49    1    1    1    1    1  2.04910E+15 0.00103 
   50    1    1    1   50    1    1    1    1    1  2.72894E+15 0.00089 
   51    1    1    1   51    1    1    1    1    1  2.43287E+15 0.00092 
   52    1    1    1   52    1    1    1    1    1  1.40281E+15 0.00130 
   53    1    1    1   53    1    1    1    1    1  4.68169E+14 0.00209 
   54    1    1    1   54    1    1    1    1    1  8.94310E+13 0.00441 
   55    1    1    1   55    1    1    1    1    1  2.29429E+13 0.00793 
   56    1    1    1   56    1    1    1    1    1  1.47012E+14 0.00336 
   57    1    1    1   57    1    1    1    1    1  5.43027E+14 0.00184 
   58    1    1    1   58    1    1    1    1    1  1.20272E+15 0.00129 
   59    1    1    1   59    1    1    1    1    1  1.63886E+15 0.00108 
   60    1    1    1   60    1    1    1    1    1  1.44396E+15 0.00118 
   61    1    1    1   61    1    1    1    1    1  8.11593E+14 0.00150 
   62    1    1    1   62    1    1    1    1    1  2.72612E+14 0.00265 
   63    1    1    1   63    1    1    1    1    1  5.52011E+13 0.00526 
   64    1    1    1   64    1    1    1    1    1  1.34540E+13 0.00981 
   65    1    1    1   65    1    1    1    1    1  8.15281E+13 0.00437 
   66    1    1    1   66    1    1    1    1    1  2.89899E+14 0.00239 
   67    1    1    1   67    1    1    1    1    1  6.41857E+14 0.00164 
   68    1    1    1   68    1    1    1    1    1  8.81302E+14 0.00143 
   69    1    1    1   69    1    1    1    1    1  7.71379E+14 0.00156 
   70    1    1    1   70    1    1    1    1    1  4.33036E+14 0.00202 
   71    1    1    1   71    1    1    1    1    1  1.48002E+14 0.00320 
   72    1    1    1   72    1    1    1    1    1  3.21678E+13 0.00627 
   73    1    1    1   73    1    1    1    1    1  7.45855E+12 0.01250 
   74    1    1    1   74    1    1    1    1    1  4.32808E+13 0.00538 
   75    1    1    1   75    1    1    1    1    1  1.50100E+14 0.00319 
   76    1    1    1   76    1    1    1    1    1  3.27502E+14 0.00216 
   77    1    1    1   77    1    1    1    1    1  4.50152E+14 0.00189 
   78    1    1    1   78    1    1    1    1    1  3.93182E+14 0.00209 
   79    1    1    1   79    1    1    1    1    1  2.22071E+14 0.00265 
   80    1    1    1   80    1    1    1    1    1  7.77036E+13 0.00431 
   81    1    1    1   81    1    1    1    1    1  1.82621E+13 0.00813 
   82    1    1    1   82    1    1    1    1    1  4.15780E+12 0.01614 
   83    1    1    1   83    1    1    1    1    1  2.25684E+13 0.00732 
   84    1    1    1   84    1    1    1    1    1  7.63465E+13 0.00406 
   85    1    1    1   85    1    1    1    1    1  1.63391E+14 0.00282 
   86    1    1    1   86    1    1    1    1    1  2.23668E+14 0.00253 
   87    1    1    1   87    1    1    1    1    1  1.96541E+14 0.00277 
   88    1    1    1   88    1    1    1    1    1  1.11626E+14 0.00347 
   89    1    1    1   89    1    1    1    1    1  4.03317E+13 0.00577 
   90    1    1    1   90    1    1    1    1    1  1.03398E+13 0.01044 
   91    1    1    1   91    1    1    1    1    1  2.26823E+12 0.02261 
   92    1    1    1   92    1    1    1    1    1  1.18759E+13 0.01011 
   93    1    1    1   93    1    1    1    1    1  3.83271E+13 0.00548 
   94    1    1    1   94    1    1    1    1    1  8.05040E+13 0.00379 
   95    1    1    1   95    1    1    1    1    1  1.10177E+14 0.00341 
   96    1    1    1   96    1    1    1    1    1  9.62935E+13 0.00368 
   97    1    1    1   97    1    1    1    1    1  5.56680E+13 0.00455 
   98    1    1    1   98    1    1    1    1    1  2.06479E+13 0.00786 
   99    1    1    1   99    1    1    1    1    1  5.85010E+12 0.01402 
  100    1    1    1  100    1    1    1    1    1  1.30250E+12 0.02739 
  101    1    1    1  101    1    1    1    1    1  6.48781E+12 0.01281 
  102    1    1    1  102    1    1    1    1    1  1.97025E+13 0.00721 
  103    1    1    1  103    1    1    1    1    1  4.05732E+13 0.00523 
  104    1    1    1  104    1    1    1    1    1  5.45430E+13 0.00465 
  105    1    1    1  105    1    1    1    1    1  4.82792E+13 0.00501 
  106    1    1    1  106    1    1    1    1    1  2.83699E+13 0.00622 
  107    1    1    1  107    1    1    1    1    1  1.08961E+13 0.01021 
  108    1    1    1  108    1    1    1    1    1  3.46607E+12 0.01670 
];


