
DETflux = [
    1    1    1    1    1    1    1    1    1    1  3.40887E+13 0.00812 
    2    1    1    1    2    1    1    1    1    1  2.22147E+14 0.00367 
    3    1    1    1    3    1    1    1    1    1  8.72441E+14 0.00208 
    4    1    1    1    4    1    1    1    1    1  2.05196E+15 0.00153 
    5    1    1    1    5    1    1    1    1    1  2.91230E+15 0.00126 
    6    1    1    1    6    1    1    1    1    1  2.54000E+15 0.00138 
    7    1    1    1    7    1    1    1    1    1  1.35650E+15 0.00181 
    8    1    1    1    8    1    1    1    1    1  4.29013E+14 0.00271 
    9    1    1    1    9    1    1    1    1    1  8.66735E+13 0.00545 
   10    1    1    1   10    1    1    1    1    1  6.40602E+13 0.00599 
   11    1    1    1   11    1    1    1    1    1  4.37386E+14 0.00264 
   12    1    1    1   12    1    1    1    1    1  1.67513E+15 0.00145 
   13    1    1    1   13    1    1    1    1    1  3.62443E+15 0.00098 
   14    1    1    1   14    1    1    1    1    1  4.80777E+15 0.00081 
   15    1    1    1   15    1    1    1    1    1  4.31708E+15 0.00086 
   16    1    1    1   16    1    1    1    1    1  2.51318E+15 0.00112 
   17    1    1    1   17    1    1    1    1    1  8.35585E+14 0.00187 
   18    1    1    1   18    1    1    1    1    1  1.60326E+14 0.00396 
   19    1    1    1   19    1    1    1    1    1  7.77002E+13 0.00502 
   20    1    1    1   20    1    1    1    1    1  5.34476E+14 0.00235 
   21    1    1    1   21    1    1    1    1    1  1.97408E+15 0.00119 
   22    1    1    1   22    1    1    1    1    1  3.94135E+15 0.00087 
   23    1    1    1   23    1    1    1    1    1  4.97288E+15 0.00069 
   24    1    1    1   24    1    1    1    1    1  4.55608E+15 0.00074 
   25    1    1    1   25    1    1    1    1    1  2.85571E+15 0.00104 
   26    1    1    1   26    1    1    1    1    1  1.00337E+15 0.00166 
   27    1    1    1   27    1    1    1    1    1  1.93332E+14 0.00324 
   28    1    1    1   28    1    1    1    1    1  7.40872E+13 0.00503 
   29    1    1    1   29    1    1    1    1    1  5.07462E+14 0.00221 
   30    1    1    1   30    1    1    1    1    1  1.80830E+15 0.00122 
   31    1    1    1   31    1    1    1    1    1  3.42024E+15 0.00084 
   32    1    1    1   32    1    1    1    1    1  4.17677E+15 0.00070 
   33    1    1    1   33    1    1    1    1    1  3.87396E+15 0.00076 
   34    1    1    1   34    1    1    1    1    1  2.55047E+15 0.00108 
   35    1    1    1   35    1    1    1    1    1  9.40940E+14 0.00163 
   36    1    1    1   36    1    1    1    1    1  1.85570E+14 0.00336 
   37    1    1    1   37    1    1    1    1    1  5.95058E+13 0.00537 
   38    1    1    1   38    1    1    1    1    1  3.98090E+14 0.00244 
   39    1    1    1   39    1    1    1    1    1  1.38727E+15 0.00132 
   40    1    1    1   40    1    1    1    1    1  2.59571E+15 0.00095 
   41    1    1    1   41    1    1    1    1    1  3.16135E+15 0.00077 
   42    1    1    1   42    1    1    1    1    1  2.92622E+15 0.00088 
   43    1    1    1   43    1    1    1    1    1  1.93609E+15 0.00119 
   44    1    1    1   44    1    1    1    1    1  7.28980E+14 0.00184 
   45    1    1    1   45    1    1    1    1    1  1.46999E+14 0.00374 
   46    1    1    1   46    1    1    1    1    1  4.07415E+13 0.00607 
   47    1    1    1   47    1    1    1    1    1  2.60842E+14 0.00262 
   48    1    1    1   48    1    1    1    1    1  9.01731E+14 0.00154 
   49    1    1    1   49    1    1    1    1    1  1.76829E+15 0.00107 
   50    1    1    1   50    1    1    1    1    1  2.23209E+15 0.00091 
   51    1    1    1   51    1    1    1    1    1  2.02856E+15 0.00103 
   52    1    1    1   52    1    1    1    1    1  1.27795E+15 0.00132 
   53    1    1    1   53    1    1    1    1    1  4.74621E+14 0.00207 
   54    1    1    1   54    1    1    1    1    1  9.90151E+13 0.00431 
   55    1    1    1   55    1    1    1    1    1  2.54655E+13 0.00704 
   56    1    1    1   56    1    1    1    1    1  1.55493E+14 0.00314 
   57    1    1    1   57    1    1    1    1    1  5.35195E+14 0.00181 
   58    1    1    1   58    1    1    1    1    1  1.09357E+15 0.00139 
   59    1    1    1   59    1    1    1    1    1  1.43016E+15 0.00118 
   60    1    1    1   60    1    1    1    1    1  1.28063E+15 0.00121 
   61    1    1    1   61    1    1    1    1    1  7.69582E+14 0.00154 
   62    1    1    1   62    1    1    1    1    1  2.80676E+14 0.00239 
   63    1    1    1   63    1    1    1    1    1  6.16685E+13 0.00475 
   64    1    1    1   64    1    1    1    1    1  1.48057E+13 0.00912 
   65    1    1    1   65    1    1    1    1    1  8.72884E+13 0.00402 
   66    1    1    1   66    1    1    1    1    1  2.96601E+14 0.00236 
   67    1    1    1   67    1    1    1    1    1  6.13998E+14 0.00177 
   68    1    1    1   68    1    1    1    1    1  8.18399E+14 0.00150 
   69    1    1    1   69    1    1    1    1    1  7.27475E+14 0.00158 
   70    1    1    1   70    1    1    1    1    1  4.26684E+14 0.00200 
   71    1    1    1   71    1    1    1    1    1  1.55862E+14 0.00317 
   72    1    1    1   72    1    1    1    1    1  3.58654E+13 0.00612 
   73    1    1    1   73    1    1    1    1    1  8.49027E+12 0.01223 
   74    1    1    1   74    1    1    1    1    1  4.74783E+13 0.00514 
   75    1    1    1   75    1    1    1    1    1  1.57307E+14 0.00303 
   76    1    1    1   76    1    1    1    1    1  3.26543E+14 0.00215 
   77    1    1    1   77    1    1    1    1    1  4.39137E+14 0.00193 
   78    1    1    1   78    1    1    1    1    1  3.88874E+14 0.00202 
   79    1    1    1   79    1    1    1    1    1  2.26966E+14 0.00254 
   80    1    1    1   80    1    1    1    1    1  8.44946E+13 0.00417 
   81    1    1    1   81    1    1    1    1    1  2.06601E+13 0.00777 
   82    1    1    1   82    1    1    1    1    1  4.77472E+12 0.01476 
   83    1    1    1   83    1    1    1    1    1  2.53207E+13 0.00691 
   84    1    1    1   84    1    1    1    1    1  8.19164E+13 0.00397 
   85    1    1    1   85    1    1    1    1    1  1.68897E+14 0.00287 
   86    1    1    1   86    1    1    1    1    1  2.27524E+14 0.00245 
   87    1    1    1   87    1    1    1    1    1  2.01612E+14 0.00256 
   88    1    1    1   88    1    1    1    1    1  1.17515E+14 0.00334 
   89    1    1    1   89    1    1    1    1    1  4.44936E+13 0.00522 
   90    1    1    1   90    1    1    1    1    1  1.17626E+13 0.00969 
   91    1    1    1   91    1    1    1    1    1  2.63389E+12 0.01969 
   92    1    1    1   92    1    1    1    1    1  1.34739E+13 0.00908 
   93    1    1    1   93    1    1    1    1    1  4.20983E+13 0.00536 
   94    1    1    1   94    1    1    1    1    1  8.61340E+13 0.00369 
   95    1    1    1   95    1    1    1    1    1  1.15828E+14 0.00322 
   96    1    1    1   96    1    1    1    1    1  1.02333E+14 0.00349 
   97    1    1    1   97    1    1    1    1    1  6.04320E+13 0.00429 
   98    1    1    1   98    1    1    1    1    1  2.32006E+13 0.00700 
   99    1    1    1   99    1    1    1    1    1  6.75629E+12 0.01272 
  100    1    1    1  100    1    1    1    1    1  1.53693E+12 0.02551 
  101    1    1    1  101    1    1    1    1    1  7.36004E+12 0.01175 
  102    1    1    1  102    1    1    1    1    1  2.20672E+13 0.00741 
  103    1    1    1  103    1    1    1    1    1  4.39711E+13 0.00509 
  104    1    1    1  104    1    1    1    1    1  5.90423E+13 0.00444 
  105    1    1    1  105    1    1    1    1    1  5.24331E+13 0.00453 
  106    1    1    1  106    1    1    1    1    1  3.13838E+13 0.00601 
  107    1    1    1  107    1    1    1    1    1  1.23323E+13 0.00945 
  108    1    1    1  108    1    1    1    1    1  4.12473E+12 0.01550 
];


