
DETflux = [
    1    1    1    1    1    1    1    1    1    1  3.39048E+13 0.00890 
    2    1    1    1    2    1    1    1    1    1  2.22674E+14 0.00371 
    3    1    1    1    3    1    1    1    1    1  8.72662E+14 0.00209 
    4    1    1    1    4    1    1    1    1    1  2.04387E+15 0.00147 
    5    1    1    1    5    1    1    1    1    1  2.88519E+15 0.00123 
    6    1    1    1    6    1    1    1    1    1  2.51300E+15 0.00143 
    7    1    1    1    7    1    1    1    1    1  1.33530E+15 0.00189 
    8    1    1    1    8    1    1    1    1    1  4.21878E+14 0.00287 
    9    1    1    1    9    1    1    1    1    1  8.47893E+13 0.00559 
   10    1    1    1   10    1    1    1    1    1  6.35732E+13 0.00585 
   11    1    1    1   11    1    1    1    1    1  4.36459E+14 0.00249 
   12    1    1    1   12    1    1    1    1    1  1.68067E+15 0.00140 
   13    1    1    1   13    1    1    1    1    1  3.63492E+15 0.00092 
   14    1    1    1   14    1    1    1    1    1  4.80356E+15 0.00079 
   15    1    1    1   15    1    1    1    1    1  4.29841E+15 0.00092 
   16    1    1    1   16    1    1    1    1    1  2.49458E+15 0.00126 
   17    1    1    1   17    1    1    1    1    1  8.26579E+14 0.00188 
   18    1    1    1   18    1    1    1    1    1  1.59196E+14 0.00389 
   19    1    1    1   19    1    1    1    1    1  7.81416E+13 0.00482 
   20    1    1    1   20    1    1    1    1    1  5.34985E+14 0.00222 
   21    1    1    1   21    1    1    1    1    1  1.97362E+15 0.00129 
   22    1    1    1   22    1    1    1    1    1  3.95299E+15 0.00082 
   23    1    1    1   23    1    1    1    1    1  4.97092E+15 0.00066 
   24    1    1    1   24    1    1    1    1    1  4.55576E+15 0.00077 
   25    1    1    1   25    1    1    1    1    1  2.84965E+15 0.00105 
   26    1    1    1   26    1    1    1    1    1  9.98906E+14 0.00163 
   27    1    1    1   27    1    1    1    1    1  1.93093E+14 0.00335 
   28    1    1    1   28    1    1    1    1    1  7.47906E+13 0.00496 
   29    1    1    1   29    1    1    1    1    1  5.08561E+14 0.00234 
   30    1    1    1   30    1    1    1    1    1  1.81448E+15 0.00132 
   31    1    1    1   31    1    1    1    1    1  3.42563E+15 0.00085 
   32    1    1    1   32    1    1    1    1    1  4.17598E+15 0.00070 
   33    1    1    1   33    1    1    1    1    1  3.88280E+15 0.00070 
   34    1    1    1   34    1    1    1    1    1  2.55352E+15 0.00103 
   35    1    1    1   35    1    1    1    1    1  9.39076E+14 0.00166 
   36    1    1    1   36    1    1    1    1    1  1.85292E+14 0.00327 
   37    1    1    1   37    1    1    1    1    1  5.95054E+13 0.00534 
   38    1    1    1   38    1    1    1    1    1  3.98147E+14 0.00233 
   39    1    1    1   39    1    1    1    1    1  1.39105E+15 0.00139 
   40    1    1    1   40    1    1    1    1    1  2.59503E+15 0.00089 
   41    1    1    1   41    1    1    1    1    1  3.16124E+15 0.00078 
   42    1    1    1   42    1    1    1    1    1  2.94253E+15 0.00084 
   43    1    1    1   43    1    1    1    1    1  1.93907E+15 0.00117 
   44    1    1    1   44    1    1    1    1    1  7.29753E+14 0.00188 
   45    1    1    1   45    1    1    1    1    1  1.46996E+14 0.00361 
   46    1    1    1   46    1    1    1    1    1  4.10983E+13 0.00601 
   47    1    1    1   47    1    1    1    1    1  2.60935E+14 0.00265 
   48    1    1    1   48    1    1    1    1    1  9.02836E+14 0.00164 
   49    1    1    1   49    1    1    1    1    1  1.76577E+15 0.00104 
   50    1    1    1   50    1    1    1    1    1  2.23851E+15 0.00101 
   51    1    1    1   51    1    1    1    1    1  2.04777E+15 0.00102 
   52    1    1    1   52    1    1    1    1    1  1.28251E+15 0.00132 
   53    1    1    1   53    1    1    1    1    1  4.75218E+14 0.00213 
   54    1    1    1   54    1    1    1    1    1  9.99107E+13 0.00423 
   55    1    1    1   55    1    1    1    1    1  2.55080E+13 0.00746 
   56    1    1    1   56    1    1    1    1    1  1.55637E+14 0.00326 
   57    1    1    1   57    1    1    1    1    1  5.35644E+14 0.00209 
   58    1    1    1   58    1    1    1    1    1  1.09403E+15 0.00131 
   59    1    1    1   59    1    1    1    1    1  1.43216E+15 0.00123 
   60    1    1    1   60    1    1    1    1    1  1.29050E+15 0.00123 
   61    1    1    1   61    1    1    1    1    1  7.74270E+14 0.00158 
   62    1    1    1   62    1    1    1    1    1  2.80744E+14 0.00253 
   63    1    1    1   63    1    1    1    1    1  6.16711E+13 0.00497 
   64    1    1    1   64    1    1    1    1    1  1.50405E+13 0.00911 
   65    1    1    1   65    1    1    1    1    1  8.76766E+13 0.00413 
   66    1    1    1   66    1    1    1    1    1  2.96162E+14 0.00245 
   67    1    1    1   67    1    1    1    1    1  6.13268E+14 0.00175 
   68    1    1    1   68    1    1    1    1    1  8.20018E+14 0.00157 
   69    1    1    1   69    1    1    1    1    1  7.32372E+14 0.00160 
   70    1    1    1   70    1    1    1    1    1  4.31007E+14 0.00201 
   71    1    1    1   71    1    1    1    1    1  1.55933E+14 0.00310 
   72    1    1    1   72    1    1    1    1    1  3.61723E+13 0.00601 
   73    1    1    1   73    1    1    1    1    1  8.63666E+12 0.01153 
   74    1    1    1   74    1    1    1    1    1  4.76113E+13 0.00521 
   75    1    1    1   75    1    1    1    1    1  1.57139E+14 0.00300 
   76    1    1    1   76    1    1    1    1    1  3.27019E+14 0.00235 
   77    1    1    1   77    1    1    1    1    1  4.39522E+14 0.00191 
   78    1    1    1   78    1    1    1    1    1  3.91611E+14 0.00200 
   79    1    1    1   79    1    1    1    1    1  2.29377E+14 0.00248 
   80    1    1    1   80    1    1    1    1    1  8.37936E+13 0.00410 
   81    1    1    1   81    1    1    1    1    1  2.08169E+13 0.00756 
   82    1    1    1   82    1    1    1    1    1  4.87970E+12 0.01524 
   83    1    1    1   83    1    1    1    1    1  2.52371E+13 0.00690 
   84    1    1    1   84    1    1    1    1    1  8.19498E+13 0.00403 
   85    1    1    1   85    1    1    1    1    1  1.70134E+14 0.00289 
   86    1    1    1   86    1    1    1    1    1  2.28127E+14 0.00254 
   87    1    1    1   87    1    1    1    1    1  2.02759E+14 0.00263 
   88    1    1    1   88    1    1    1    1    1  1.19029E+14 0.00320 
   89    1    1    1   89    1    1    1    1    1  4.39546E+13 0.00534 
   90    1    1    1   90    1    1    1    1    1  1.18242E+13 0.00994 
   91    1    1    1   91    1    1    1    1    1  2.67605E+12 0.01949 
   92    1    1    1   92    1    1    1    1    1  1.35326E+13 0.00946 
   93    1    1    1   93    1    1    1    1    1  4.23682E+13 0.00535 
   94    1    1    1   94    1    1    1    1    1  8.71410E+13 0.00385 
   95    1    1    1   95    1    1    1    1    1  1.17147E+14 0.00339 
   96    1    1    1   96    1    1    1    1    1  1.03647E+14 0.00359 
   97    1    1    1   97    1    1    1    1    1  6.10764E+13 0.00452 
   98    1    1    1   98    1    1    1    1    1  2.32198E+13 0.00714 
   99    1    1    1   99    1    1    1    1    1  6.76920E+12 0.01273 
  100    1    1    1  100    1    1    1    1    1  1.58365E+12 0.02485 
  101    1    1    1  101    1    1    1    1    1  7.51034E+12 0.01240 
  102    1    1    1  102    1    1    1    1    1  2.21248E+13 0.00708 
  103    1    1    1  103    1    1    1    1    1  4.45945E+13 0.00512 
  104    1    1    1  104    1    1    1    1    1  5.94947E+13 0.00441 
  105    1    1    1  105    1    1    1    1    1  5.29475E+13 0.00461 
  106    1    1    1  106    1    1    1    1    1  3.16252E+13 0.00578 
  107    1    1    1  107    1    1    1    1    1  1.24921E+13 0.00965 
  108    1    1    1  108    1    1    1    1    1  4.12391E+12 0.01520 
];


