
DETflux = [
    1    1    1    1    1    1    1    1    1    1  2.48759E+13 0.00977 
    2    1    1    1    2    1    1    1    1    1  1.62876E+14 0.00447 
    3    1    1    1    3    1    1    1    1    1  6.42235E+14 0.00233 
    4    1    1    1    4    1    1    1    1    1  1.53789E+15 0.00158 
    5    1    1    1    5    1    1    1    1    1  2.19409E+15 0.00131 
    6    1    1    1    6    1    1    1    1    1  1.89939E+15 0.00141 
    7    1    1    1    7    1    1    1    1    1  9.93444E+14 0.00188 
    8    1    1    1    8    1    1    1    1    1  3.11065E+14 0.00324 
    9    1    1    1    9    1    1    1    1    1  6.26346E+13 0.00643 
   10    1    1    1   10    1    1    1    1    1  5.17881E+13 0.00658 
   11    1    1    1   11    1    1    1    1    1  3.67252E+14 0.00286 
   12    1    1    1   12    1    1    1    1    1  1.50284E+15 0.00150 
   13    1    1    1   13    1    1    1    1    1  3.48226E+15 0.00096 
   14    1    1    1   14    1    1    1    1    1  4.79087E+15 0.00082 
   15    1    1    1   15    1    1    1    1    1  4.21254E+15 0.00089 
   16    1    1    1   16    1    1    1    1    1  2.29473E+15 0.00124 
   17    1    1    1   17    1    1    1    1    1  7.15866E+14 0.00205 
   18    1    1    1   18    1    1    1    1    1  1.31628E+14 0.00419 
   19    1    1    1   19    1    1    1    1    1  6.64270E+13 0.00529 
   20    1    1    1   20    1    1    1    1    1  4.84205E+14 0.00236 
   21    1    1    1   21    1    1    1    1    1  1.93538E+15 0.00127 
   22    1    1    1   22    1    1    1    1    1  4.23100E+15 0.00085 
   23    1    1    1   23    1    1    1    1    1  5.57988E+15 0.00066 
   24    1    1    1   24    1    1    1    1    1  4.99846E+15 0.00073 
   25    1    1    1   25    1    1    1    1    1  2.88192E+15 0.00103 
   26    1    1    1   26    1    1    1    1    1  9.30862E+14 0.00170 
   27    1    1    1   27    1    1    1    1    1  1.69430E+14 0.00364 
   28    1    1    1   28    1    1    1    1    1  6.67446E+13 0.00521 
   29    1    1    1   29    1    1    1    1    1  4.80735E+14 0.00232 
   30    1    1    1   30    1    1    1    1    1  1.86938E+15 0.00128 
   31    1    1    1   31    1    1    1    1    1  3.86925E+15 0.00085 
   32    1    1    1   32    1    1    1    1    1  4.93482E+15 0.00063 
   33    1    1    1   33    1    1    1    1    1  4.47522E+15 0.00070 
   34    1    1    1   34    1    1    1    1    1  2.71629E+15 0.00102 
   35    1    1    1   35    1    1    1    1    1  9.18358E+14 0.00168 
   36    1    1    1   36    1    1    1    1    1  1.68405E+14 0.00334 
   37    1    1    1   37    1    1    1    1    1  5.40716E+13 0.00586 
   38    1    1    1   38    1    1    1    1    1  3.85373E+14 0.00237 
   39    1    1    1   39    1    1    1    1    1  1.45905E+15 0.00139 
   40    1    1    1   40    1    1    1    1    1  2.94810E+15 0.00090 
   41    1    1    1   41    1    1    1    1    1  3.73980E+15 0.00070 
   42    1    1    1   42    1    1    1    1    1  3.40294E+15 0.00077 
   43    1    1    1   43    1    1    1    1    1  2.10329E+15 0.00109 
   44    1    1    1   44    1    1    1    1    1  7.28554E+14 0.00174 
   45    1    1    1   45    1    1    1    1    1  1.36508E+14 0.00359 
   46    1    1    1   46    1    1    1    1    1  3.74541E+13 0.00625 
   47    1    1    1   47    1    1    1    1    1  2.53235E+14 0.00286 
   48    1    1    1   48    1    1    1    1    1  9.32758E+14 0.00160 
   49    1    1    1   49    1    1    1    1    1  1.94707E+15 0.00111 
   50    1    1    1   50    1    1    1    1    1  2.55048E+15 0.00087 
   51    1    1    1   51    1    1    1    1    1  2.29050E+15 0.00091 
   52    1    1    1   52    1    1    1    1    1  1.36423E+15 0.00125 
   53    1    1    1   53    1    1    1    1    1  4.71610E+14 0.00207 
   54    1    1    1   54    1    1    1    1    1  9.22190E+13 0.00407 
   55    1    1    1   55    1    1    1    1    1  2.33432E+13 0.00749 
   56    1    1    1   56    1    1    1    1    1  1.49546E+14 0.00351 
   57    1    1    1   57    1    1    1    1    1  5.42003E+14 0.00187 
   58    1    1    1   58    1    1    1    1    1  1.16555E+15 0.00134 
   59    1    1    1   59    1    1    1    1    1  1.56930E+15 0.00111 
   60    1    1    1   60    1    1    1    1    1  1.39336E+15 0.00116 
   61    1    1    1   61    1    1    1    1    1  8.01244E+14 0.00151 
   62    1    1    1   62    1    1    1    1    1  2.76076E+14 0.00253 
   63    1    1    1   63    1    1    1    1    1  5.66133E+13 0.00508 
   64    1    1    1   64    1    1    1    1    1  1.36840E+13 0.00958 
   65    1    1    1   65    1    1    1    1    1  8.37894E+13 0.00423 
   66    1    1    1   66    1    1    1    1    1  2.93309E+14 0.00242 
   67    1    1    1   67    1    1    1    1    1  6.34236E+14 0.00169 
   68    1    1    1   68    1    1    1    1    1  8.61651E+14 0.00139 
   69    1    1    1   69    1    1    1    1    1  7.62554E+14 0.00150 
   70    1    1    1   70    1    1    1    1    1  4.33148E+14 0.00202 
   71    1    1    1   71    1    1    1    1    1  1.51276E+14 0.00320 
   72    1    1    1   72    1    1    1    1    1  3.31048E+13 0.00637 
   73    1    1    1   73    1    1    1    1    1  7.86629E+12 0.01224 
   74    1    1    1   74    1    1    1    1    1  4.49865E+13 0.00541 
   75    1    1    1   75    1    1    1    1    1  1.52473E+14 0.00296 
   76    1    1    1   76    1    1    1    1    1  3.28202E+14 0.00224 
   77    1    1    1   77    1    1    1    1    1  4.47497E+14 0.00190 
   78    1    1    1   78    1    1    1    1    1  3.96672E+14 0.00203 
   79    1    1    1   79    1    1    1    1    1  2.24330E+14 0.00275 
   80    1    1    1   80    1    1    1    1    1  8.02883E+13 0.00406 
   81    1    1    1   81    1    1    1    1    1  1.91179E+13 0.00816 
   82    1    1    1   82    1    1    1    1    1  4.40564E+12 0.01572 
   83    1    1    1   83    1    1    1    1    1  2.37204E+13 0.00748 
   84    1    1    1   84    1    1    1    1    1  7.82201E+13 0.00407 
   85    1    1    1   85    1    1    1    1    1  1.66812E+14 0.00288 
   86    1    1    1   86    1    1    1    1    1  2.27004E+14 0.00250 
   87    1    1    1   87    1    1    1    1    1  2.00724E+14 0.00268 
   88    1    1    1   88    1    1    1    1    1  1.14510E+14 0.00370 
   89    1    1    1   89    1    1    1    1    1  4.19671E+13 0.00528 
   90    1    1    1   90    1    1    1    1    1  1.06821E+13 0.01018 
   91    1    1    1   91    1    1    1    1    1  2.46820E+12 0.01985 
   92    1    1    1   92    1    1    1    1    1  1.26242E+13 0.00935 
   93    1    1    1   93    1    1    1    1    1  3.98347E+13 0.00556 
   94    1    1    1   94    1    1    1    1    1  8.35644E+13 0.00373 
   95    1    1    1   95    1    1    1    1    1  1.12718E+14 0.00329 
   96    1    1    1   96    1    1    1    1    1  1.00026E+14 0.00355 
   97    1    1    1   97    1    1    1    1    1  5.77695E+13 0.00444 
   98    1    1    1   98    1    1    1    1    1  2.16611E+13 0.00724 
   99    1    1    1   99    1    1    1    1    1  5.91082E+12 0.01325 
  100    1    1    1  100    1    1    1    1    1  1.44261E+12 0.02767 
  101    1    1    1  101    1    1    1    1    1  6.76647E+12 0.01336 
  102    1    1    1  102    1    1    1    1    1  2.04192E+13 0.00751 
  103    1    1    1  103    1    1    1    1    1  4.22959E+13 0.00527 
  104    1    1    1  104    1    1    1    1    1  5.68107E+13 0.00433 
  105    1    1    1  105    1    1    1    1    1  5.02511E+13 0.00477 
  106    1    1    1  106    1    1    1    1    1  2.96958E+13 0.00625 
  107    1    1    1  107    1    1    1    1    1  1.16074E+13 0.00945 
  108    1    1    1  108    1    1    1    1    1  3.72104E+12 0.01648 
];


