
DETflux = [
    1    1    1    1    1    1    1    1    1    1  2.47266E+13 0.00992 
    2    1    1    1    2    1    1    1    1    1  1.62611E+14 0.00403 
    3    1    1    1    3    1    1    1    1    1  6.48910E+14 0.00223 
    4    1    1    1    4    1    1    1    1    1  1.54112E+15 0.00159 
    5    1    1    1    5    1    1    1    1    1  2.19568E+15 0.00145 
    6    1    1    1    6    1    1    1    1    1  1.90250E+15 0.00152 
    7    1    1    1    7    1    1    1    1    1  1.00240E+15 0.00206 
    8    1    1    1    8    1    1    1    1    1  3.12671E+14 0.00326 
    9    1    1    1    9    1    1    1    1    1  6.24203E+13 0.00652 
   10    1    1    1   10    1    1    1    1    1  5.29908E+13 0.00630 
   11    1    1    1   11    1    1    1    1    1  3.68755E+14 0.00266 
   12    1    1    1   12    1    1    1    1    1  1.50146E+15 0.00142 
   13    1    1    1   13    1    1    1    1    1  3.49439E+15 0.00097 
   14    1    1    1   14    1    1    1    1    1  4.80075E+15 0.00080 
   15    1    1    1   15    1    1    1    1    1  4.22743E+15 0.00092 
   16    1    1    1   16    1    1    1    1    1  2.30733E+15 0.00135 
   17    1    1    1   17    1    1    1    1    1  7.18663E+14 0.00225 
   18    1    1    1   18    1    1    1    1    1  1.30514E+14 0.00441 
   19    1    1    1   19    1    1    1    1    1  6.81102E+13 0.00517 
   20    1    1    1   20    1    1    1    1    1  4.86036E+14 0.00230 
   21    1    1    1   21    1    1    1    1    1  1.93264E+15 0.00125 
   22    1    1    1   22    1    1    1    1    1  4.23020E+15 0.00083 
   23    1    1    1   23    1    1    1    1    1  5.57835E+15 0.00062 
   24    1    1    1   24    1    1    1    1    1  4.99369E+15 0.00075 
   25    1    1    1   25    1    1    1    1    1  2.89246E+15 0.00102 
   26    1    1    1   26    1    1    1    1    1  9.32592E+14 0.00184 
   27    1    1    1   27    1    1    1    1    1  1.67768E+14 0.00372 
   28    1    1    1   28    1    1    1    1    1  6.81293E+13 0.00531 
   29    1    1    1   29    1    1    1    1    1  4.83004E+14 0.00232 
   30    1    1    1   30    1    1    1    1    1  1.86835E+15 0.00130 
   31    1    1    1   31    1    1    1    1    1  3.86116E+15 0.00086 
   32    1    1    1   32    1    1    1    1    1  4.93104E+15 0.00066 
   33    1    1    1   33    1    1    1    1    1  4.47129E+15 0.00075 
   34    1    1    1   34    1    1    1    1    1  2.71951E+15 0.00101 
   35    1    1    1   35    1    1    1    1    1  9.14924E+14 0.00177 
   36    1    1    1   36    1    1    1    1    1  1.66594E+14 0.00370 
   37    1    1    1   37    1    1    1    1    1  5.53492E+13 0.00563 
   38    1    1    1   38    1    1    1    1    1  3.87056E+14 0.00245 
   39    1    1    1   39    1    1    1    1    1  1.45702E+15 0.00139 
   40    1    1    1   40    1    1    1    1    1  2.94253E+15 0.00091 
   41    1    1    1   41    1    1    1    1    1  3.73663E+15 0.00076 
   42    1    1    1   42    1    1    1    1    1  3.39503E+15 0.00081 
   43    1    1    1   43    1    1    1    1    1  2.09445E+15 0.00118 
   44    1    1    1   44    1    1    1    1    1  7.22185E+14 0.00185 
   45    1    1    1   45    1    1    1    1    1  1.35198E+14 0.00373 
   46    1    1    1   46    1    1    1    1    1  3.84612E+13 0.00624 
   47    1    1    1   47    1    1    1    1    1  2.54654E+14 0.00266 
   48    1    1    1   48    1    1    1    1    1  9.34354E+14 0.00155 
   49    1    1    1   49    1    1    1    1    1  1.94734E+15 0.00110 
   50    1    1    1   50    1    1    1    1    1  2.54661E+15 0.00089 
   51    1    1    1   51    1    1    1    1    1  2.28661E+15 0.00095 
   52    1    1    1   52    1    1    1    1    1  1.35805E+15 0.00140 
   53    1    1    1   53    1    1    1    1    1  4.67799E+14 0.00213 
   54    1    1    1   54    1    1    1    1    1  9.21461E+13 0.00443 
   55    1    1    1   55    1    1    1    1    1  2.37364E+13 0.00751 
   56    1    1    1   56    1    1    1    1    1  1.50538E+14 0.00329 
   57    1    1    1   57    1    1    1    1    1  5.42540E+14 0.00190 
   58    1    1    1   58    1    1    1    1    1  1.16601E+15 0.00137 
   59    1    1    1   59    1    1    1    1    1  1.56852E+15 0.00111 
   60    1    1    1   60    1    1    1    1    1  1.39470E+15 0.00112 
   61    1    1    1   61    1    1    1    1    1  7.97194E+14 0.00168 
   62    1    1    1   62    1    1    1    1    1  2.74049E+14 0.00259 
   63    1    1    1   63    1    1    1    1    1  5.67771E+13 0.00492 
   64    1    1    1   64    1    1    1    1    1  1.37895E+13 0.00941 
   65    1    1    1   65    1    1    1    1    1  8.33591E+13 0.00416 
   66    1    1    1   66    1    1    1    1    1  2.93592E+14 0.00230 
   67    1    1    1   67    1    1    1    1    1  6.34220E+14 0.00172 
   68    1    1    1   68    1    1    1    1    1  8.62750E+14 0.00139 
   69    1    1    1   69    1    1    1    1    1  7.63381E+14 0.00142 
   70    1    1    1   70    1    1    1    1    1  4.32370E+14 0.00202 
   71    1    1    1   71    1    1    1    1    1  1.50526E+14 0.00326 
   72    1    1    1   72    1    1    1    1    1  3.33834E+13 0.00625 
   73    1    1    1   73    1    1    1    1    1  7.78150E+12 0.01223 
   74    1    1    1   74    1    1    1    1    1  4.48253E+13 0.00557 
   75    1    1    1   75    1    1    1    1    1  1.53481E+14 0.00297 
   76    1    1    1   76    1    1    1    1    1  3.28597E+14 0.00219 
   77    1    1    1   77    1    1    1    1    1  4.50048E+14 0.00186 
   78    1    1    1   78    1    1    1    1    1  3.96165E+14 0.00199 
   79    1    1    1   79    1    1    1    1    1  2.25009E+14 0.00263 
   80    1    1    1   80    1    1    1    1    1  8.02086E+13 0.00414 
   81    1    1    1   81    1    1    1    1    1  1.89855E+13 0.00812 
   82    1    1    1   82    1    1    1    1    1  4.26798E+12 0.01602 
   83    1    1    1   83    1    1    1    1    1  2.37617E+13 0.00725 
   84    1    1    1   84    1    1    1    1    1  7.88329E+13 0.00411 
   85    1    1    1   85    1    1    1    1    1  1.66391E+14 0.00302 
   86    1    1    1   86    1    1    1    1    1  2.27701E+14 0.00246 
   87    1    1    1   87    1    1    1    1    1  2.00605E+14 0.00251 
   88    1    1    1   88    1    1    1    1    1  1.14397E+14 0.00343 
   89    1    1    1   89    1    1    1    1    1  4.19983E+13 0.00554 
   90    1    1    1   90    1    1    1    1    1  1.06903E+13 0.01080 
   91    1    1    1   91    1    1    1    1    1  2.35695E+12 0.02115 
   92    1    1    1   92    1    1    1    1    1  1.23388E+13 0.00935 
   93    1    1    1   93    1    1    1    1    1  3.98576E+13 0.00563 
   94    1    1    1   94    1    1    1    1    1  8.33541E+13 0.00380 
   95    1    1    1   95    1    1    1    1    1  1.12970E+14 0.00331 
   96    1    1    1   96    1    1    1    1    1  1.00545E+14 0.00346 
   97    1    1    1   97    1    1    1    1    1  5.78816E+13 0.00439 
   98    1    1    1   98    1    1    1    1    1  2.18682E+13 0.00738 
   99    1    1    1   99    1    1    1    1    1  6.02699E+12 0.01282 
  100    1    1    1  100    1    1    1    1    1  1.39922E+12 0.02766 
  101    1    1    1  101    1    1    1    1    1  6.58315E+12 0.01257 
  102    1    1    1  102    1    1    1    1    1  2.07674E+13 0.00750 
  103    1    1    1  103    1    1    1    1    1  4.23469E+13 0.00518 
  104    1    1    1  104    1    1    1    1    1  5.66622E+13 0.00456 
  105    1    1    1  105    1    1    1    1    1  5.09417E+13 0.00472 
  106    1    1    1  106    1    1    1    1    1  2.98956E+13 0.00633 
  107    1    1    1  107    1    1    1    1    1  1.14446E+13 0.00989 
  108    1    1    1  108    1    1    1    1    1  3.69529E+12 0.01699 
];


