
DETflux = [
    1    1    1    1    1    1    1    1    1    1  2.50179E+13 0.01015 
    2    1    1    1    2    1    1    1    1    1  1.65599E+14 0.00449 
    3    1    1    1    3    1    1    1    1    1  6.45305E+14 0.00242 
    4    1    1    1    4    1    1    1    1    1  1.53628E+15 0.00165 
    5    1    1    1    5    1    1    1    1    1  2.19046E+15 0.00130 
    6    1    1    1    6    1    1    1    1    1  1.89911E+15 0.00140 
    7    1    1    1    7    1    1    1    1    1  9.94382E+14 0.00209 
    8    1    1    1    8    1    1    1    1    1  3.09297E+14 0.00332 
    9    1    1    1    9    1    1    1    1    1  6.21613E+13 0.00656 
   10    1    1    1   10    1    1    1    1    1  5.24759E+13 0.00655 
   11    1    1    1   11    1    1    1    1    1  3.71372E+14 0.00281 
   12    1    1    1   12    1    1    1    1    1  1.50855E+15 0.00153 
   13    1    1    1   13    1    1    1    1    1  3.48562E+15 0.00098 
   14    1    1    1   14    1    1    1    1    1  4.79563E+15 0.00082 
   15    1    1    1   15    1    1    1    1    1  4.19952E+15 0.00088 
   16    1    1    1   16    1    1    1    1    1  2.28246E+15 0.00125 
   17    1    1    1   17    1    1    1    1    1  7.08355E+14 0.00212 
   18    1    1    1   18    1    1    1    1    1  1.30016E+14 0.00434 
   19    1    1    1   19    1    1    1    1    1  6.80657E+13 0.00556 
   20    1    1    1   20    1    1    1    1    1  4.89245E+14 0.00236 
   21    1    1    1   21    1    1    1    1    1  1.94085E+15 0.00128 
   22    1    1    1   22    1    1    1    1    1  4.23634E+15 0.00079 
   23    1    1    1   23    1    1    1    1    1  5.58527E+15 0.00066 
   24    1    1    1   24    1    1    1    1    1  4.98349E+15 0.00070 
   25    1    1    1   25    1    1    1    1    1  2.87075E+15 0.00103 
   26    1    1    1   26    1    1    1    1    1  9.25386E+14 0.00184 
   27    1    1    1   27    1    1    1    1    1  1.68373E+14 0.00362 
   28    1    1    1   28    1    1    1    1    1  6.77875E+13 0.00545 
   29    1    1    1   29    1    1    1    1    1  4.83896E+14 0.00215 
   30    1    1    1   30    1    1    1    1    1  1.87408E+15 0.00122 
   31    1    1    1   31    1    1    1    1    1  3.87840E+15 0.00078 
   32    1    1    1   32    1    1    1    1    1  4.93928E+15 0.00063 
   33    1    1    1   33    1    1    1    1    1  4.46836E+15 0.00071 
   34    1    1    1   34    1    1    1    1    1  2.71233E+15 0.00104 
   35    1    1    1   35    1    1    1    1    1  9.14274E+14 0.00181 
   36    1    1    1   36    1    1    1    1    1  1.67110E+14 0.00357 
   37    1    1    1   37    1    1    1    1    1  5.52837E+13 0.00543 
   38    1    1    1   38    1    1    1    1    1  3.88030E+14 0.00235 
   39    1    1    1   39    1    1    1    1    1  1.46176E+15 0.00135 
   40    1    1    1   40    1    1    1    1    1  2.96005E+15 0.00089 
   41    1    1    1   41    1    1    1    1    1  3.74931E+15 0.00073 
   42    1    1    1   42    1    1    1    1    1  3.39683E+15 0.00083 
   43    1    1    1   43    1    1    1    1    1  2.08872E+15 0.00115 
   44    1    1    1   44    1    1    1    1    1  7.22475E+14 0.00190 
   45    1    1    1   45    1    1    1    1    1  1.35789E+14 0.00390 
   46    1    1    1   46    1    1    1    1    1  3.79724E+13 0.00632 
   47    1    1    1   47    1    1    1    1    1  2.53665E+14 0.00272 
   48    1    1    1   48    1    1    1    1    1  9.36172E+14 0.00152 
   49    1    1    1   49    1    1    1    1    1  1.95842E+15 0.00105 
   50    1    1    1   50    1    1    1    1    1  2.55933E+15 0.00086 
   51    1    1    1   51    1    1    1    1    1  2.28901E+15 0.00099 
   52    1    1    1   52    1    1    1    1    1  1.35315E+15 0.00135 
   53    1    1    1   53    1    1    1    1    1  4.68990E+14 0.00212 
   54    1    1    1   54    1    1    1    1    1  9.21686E+13 0.00447 
   55    1    1    1   55    1    1    1    1    1  2.38043E+13 0.00724 
   56    1    1    1   56    1    1    1    1    1  1.50418E+14 0.00338 
   57    1    1    1   57    1    1    1    1    1  5.43860E+14 0.00186 
   58    1    1    1   58    1    1    1    1    1  1.17002E+15 0.00130 
   59    1    1    1   59    1    1    1    1    1  1.57349E+15 0.00111 
   60    1    1    1   60    1    1    1    1    1  1.39074E+15 0.00114 
   61    1    1    1   61    1    1    1    1    1  7.94649E+14 0.00159 
   62    1    1    1   62    1    1    1    1    1  2.74005E+14 0.00270 
   63    1    1    1   63    1    1    1    1    1  5.67925E+13 0.00528 
   64    1    1    1   64    1    1    1    1    1  1.40505E+13 0.00951 
   65    1    1    1   65    1    1    1    1    1  8.39460E+13 0.00431 
   66    1    1    1   66    1    1    1    1    1  2.94453E+14 0.00233 
   67    1    1    1   67    1    1    1    1    1  6.35869E+14 0.00165 
   68    1    1    1   68    1    1    1    1    1  8.65064E+14 0.00144 
   69    1    1    1   69    1    1    1    1    1  7.61550E+14 0.00146 
   70    1    1    1   70    1    1    1    1    1  4.30231E+14 0.00204 
   71    1    1    1   71    1    1    1    1    1  1.50241E+14 0.00324 
   72    1    1    1   72    1    1    1    1    1  3.34943E+13 0.00641 
   73    1    1    1   73    1    1    1    1    1  7.76627E+12 0.01231 
   74    1    1    1   74    1    1    1    1    1  4.52920E+13 0.00535 
   75    1    1    1   75    1    1    1    1    1  1.54559E+14 0.00302 
   76    1    1    1   76    1    1    1    1    1  3.29890E+14 0.00209 
   77    1    1    1   77    1    1    1    1    1  4.49630E+14 0.00187 
   78    1    1    1   78    1    1    1    1    1  3.94854E+14 0.00189 
   79    1    1    1   79    1    1    1    1    1  2.23553E+14 0.00267 
   80    1    1    1   80    1    1    1    1    1  7.94663E+13 0.00408 
   81    1    1    1   81    1    1    1    1    1  1.89675E+13 0.00819 
   82    1    1    1   82    1    1    1    1    1  4.36583E+12 0.01598 
   83    1    1    1   83    1    1    1    1    1  2.40503E+13 0.00708 
   84    1    1    1   84    1    1    1    1    1  7.95482E+13 0.00397 
   85    1    1    1   85    1    1    1    1    1  1.66904E+14 0.00282 
   86    1    1    1   86    1    1    1    1    1  2.26961E+14 0.00245 
   87    1    1    1   87    1    1    1    1    1  1.99241E+14 0.00267 
   88    1    1    1   88    1    1    1    1    1  1.13881E+14 0.00340 
   89    1    1    1   89    1    1    1    1    1  4.14023E+13 0.00535 
   90    1    1    1   90    1    1    1    1    1  1.07508E+13 0.01061 
   91    1    1    1   91    1    1    1    1    1  2.40995E+12 0.02099 
   92    1    1    1   92    1    1    1    1    1  1.27787E+13 0.00933 
   93    1    1    1   93    1    1    1    1    1  4.04837E+13 0.00538 
   94    1    1    1   94    1    1    1    1    1  8.33640E+13 0.00386 
   95    1    1    1   95    1    1    1    1    1  1.13232E+14 0.00328 
   96    1    1    1   96    1    1    1    1    1  9.96003E+13 0.00358 
   97    1    1    1   97    1    1    1    1    1  5.71473E+13 0.00476 
   98    1    1    1   98    1    1    1    1    1  2.14129E+13 0.00732 
   99    1    1    1   99    1    1    1    1    1  6.07493E+12 0.01364 
  100    1    1    1  100    1    1    1    1    1  1.37560E+12 0.02773 
  101    1    1    1  101    1    1    1    1    1  6.85128E+12 0.01271 
  102    1    1    1  102    1    1    1    1    1  2.08626E+13 0.00738 
  103    1    1    1  103    1    1    1    1    1  4.22880E+13 0.00512 
  104    1    1    1  104    1    1    1    1    1  5.68016E+13 0.00462 
  105    1    1    1  105    1    1    1    1    1  4.98231E+13 0.00487 
  106    1    1    1  106    1    1    1    1    1  2.94572E+13 0.00683 
  107    1    1    1  107    1    1    1    1    1  1.13943E+13 0.00939 
  108    1    1    1  108    1    1    1    1    1  3.70064E+12 0.01672 
];


