
DETflux = [
    1    1    1    1    1    1    1    1    1    1  2.12346E+13 0.01142 
    2    1    1    1    2    1    1    1    1    1  1.37187E+14 0.00468 
    3    1    1    1    3    1    1    1    1    1  5.50891E+14 0.00247 
    4    1    1    1    4    1    1    1    1    1  1.33491E+15 0.00167 
    5    1    1    1    5    1    1    1    1    1  1.92248E+15 0.00146 
    6    1    1    1    6    1    1    1    1    1  1.66720E+15 0.00156 
    7    1    1    1    7    1    1    1    1    1  8.68892E+14 0.00209 
    8    1    1    1    8    1    1    1    1    1  2.68356E+14 0.00344 
    9    1    1    1    9    1    1    1    1    1  5.40290E+13 0.00730 
   10    1    1    1   10    1    1    1    1    1  4.60143E+13 0.00676 
   11    1    1    1   11    1    1    1    1    1  3.31294E+14 0.00268 
   12    1    1    1   12    1    1    1    1    1  1.39482E+15 0.00148 
   13    1    1    1   13    1    1    1    1    1  3.36589E+15 0.00102 
   14    1    1    1   14    1    1    1    1    1  4.76803E+15 0.00078 
   15    1    1    1   15    1    1    1    1    1  4.16543E+15 0.00086 
   16    1    1    1   16    1    1    1    1    1  2.20003E+15 0.00120 
   17    1    1    1   17    1    1    1    1    1  6.62464E+14 0.00209 
   18    1    1    1   18    1    1    1    1    1  1.18703E+14 0.00437 
   19    1    1    1   19    1    1    1    1    1  6.19145E+13 0.00545 
   20    1    1    1   20    1    1    1    1    1  4.53646E+14 0.00233 
   21    1    1    1   21    1    1    1    1    1  1.88648E+15 0.00124 
   22    1    1    1   22    1    1    1    1    1  4.33547E+15 0.00082 
   23    1    1    1   23    1    1    1    1    1  5.91274E+15 0.00060 
   24    1    1    1   24    1    1    1    1    1  5.24218E+15 0.00071 
   25    1    1    1   25    1    1    1    1    1  2.90676E+15 0.00097 
   26    1    1    1   26    1    1    1    1    1  8.98534E+14 0.00169 
   27    1    1    1   27    1    1    1    1    1  1.57734E+14 0.00359 
   28    1    1    1   28    1    1    1    1    1  6.23107E+13 0.00524 
   29    1    1    1   29    1    1    1    1    1  4.62835E+14 0.00225 
   30    1    1    1   30    1    1    1    1    1  1.87593E+15 0.00120 
   31    1    1    1   31    1    1    1    1    1  4.09388E+15 0.00075 
   32    1    1    1   32    1    1    1    1    1  5.38820E+15 0.00057 
   33    1    1    1   33    1    1    1    1    1  4.84382E+15 0.00077 
   34    1    1    1   34    1    1    1    1    1  2.82030E+15 0.00097 
   35    1    1    1   35    1    1    1    1    1  9.09576E+14 0.00166 
   36    1    1    1   36    1    1    1    1    1  1.61339E+14 0.00361 
   37    1    1    1   37    1    1    1    1    1  5.14198E+13 0.00579 
   38    1    1    1   38    1    1    1    1    1  3.75090E+14 0.00239 
   39    1    1    1   39    1    1    1    1    1  1.47880E+15 0.00137 
   40    1    1    1   40    1    1    1    1    1  3.14167E+15 0.00087 
   41    1    1    1   41    1    1    1    1    1  4.09836E+15 0.00072 
   42    1    1    1   42    1    1    1    1    1  3.69349E+15 0.00081 
   43    1    1    1   43    1    1    1    1    1  2.19211E+15 0.00105 
   44    1    1    1   44    1    1    1    1    1  7.27145E+14 0.00182 
   45    1    1    1   45    1    1    1    1    1  1.31915E+14 0.00381 
   46    1    1    1   46    1    1    1    1    1  3.55815E+13 0.00648 
   47    1    1    1   47    1    1    1    1    1  2.46367E+14 0.00281 
   48    1    1    1   48    1    1    1    1    1  9.42819E+14 0.00157 
   49    1    1    1   49    1    1    1    1    1  2.04013E+15 0.00107 
   50    1    1    1   50    1    1    1    1    1  2.73567E+15 0.00083 
   51    1    1    1   51    1    1    1    1    1  2.43629E+15 0.00092 
   52    1    1    1   52    1    1    1    1    1  1.40302E+15 0.00132 
   53    1    1    1   53    1    1    1    1    1  4.68164E+14 0.00205 
   54    1    1    1   54    1    1    1    1    1  8.97890E+13 0.00444 
   55    1    1    1   55    1    1    1    1    1  2.20370E+13 0.00800 
   56    1    1    1   56    1    1    1    1    1  1.44948E+14 0.00340 
   57    1    1    1   57    1    1    1    1    1  5.41076E+14 0.00192 
   58    1    1    1   58    1    1    1    1    1  1.19745E+15 0.00128 
   59    1    1    1   59    1    1    1    1    1  1.64297E+15 0.00103 
   60    1    1    1   60    1    1    1    1    1  1.44679E+15 0.00118 
   61    1    1    1   61    1    1    1    1    1  8.09838E+14 0.00160 
   62    1    1    1   62    1    1    1    1    1  2.71607E+14 0.00267 
   63    1    1    1   63    1    1    1    1    1  5.51741E+13 0.00544 
   64    1    1    1   64    1    1    1    1    1  1.28413E+13 0.01003 
   65    1    1    1   65    1    1    1    1    1  8.05657E+13 0.00408 
   66    1    1    1   66    1    1    1    1    1  2.89212E+14 0.00248 
   67    1    1    1   67    1    1    1    1    1  6.38190E+14 0.00162 
   68    1    1    1   68    1    1    1    1    1  8.82419E+14 0.00140 
   69    1    1    1   69    1    1    1    1    1  7.75057E+14 0.00153 
   70    1    1    1   70    1    1    1    1    1  4.32396E+14 0.00202 
   71    1    1    1   71    1    1    1    1    1  1.47859E+14 0.00335 
   72    1    1    1   72    1    1    1    1    1  3.21458E+13 0.00682 
   73    1    1    1   73    1    1    1    1    1  7.33130E+12 0.01292 
   74    1    1    1   74    1    1    1    1    1  4.33730E+13 0.00544 
   75    1    1    1   75    1    1    1    1    1  1.49182E+14 0.00310 
   76    1    1    1   76    1    1    1    1    1  3.25201E+14 0.00224 
   77    1    1    1   77    1    1    1    1    1  4.51740E+14 0.00183 
   78    1    1    1   78    1    1    1    1    1  3.95699E+14 0.00198 
   79    1    1    1   79    1    1    1    1    1  2.22750E+14 0.00270 
   80    1    1    1   80    1    1    1    1    1  7.81537E+13 0.00423 
   81    1    1    1   81    1    1    1    1    1  1.83938E+13 0.00844 
   82    1    1    1   82    1    1    1    1    1  4.10607E+12 0.01598 
   83    1    1    1   83    1    1    1    1    1  2.26708E+13 0.00740 
   84    1    1    1   84    1    1    1    1    1  7.55157E+13 0.00401 
   85    1    1    1   85    1    1    1    1    1  1.62626E+14 0.00293 
   86    1    1    1   86    1    1    1    1    1  2.23602E+14 0.00249 
   87    1    1    1   87    1    1    1    1    1  1.97348E+14 0.00261 
   88    1    1    1   88    1    1    1    1    1  1.12084E+14 0.00338 
   89    1    1    1   89    1    1    1    1    1  4.03356E+13 0.00567 
   90    1    1    1   90    1    1    1    1    1  1.03355E+13 0.01035 
   91    1    1    1   91    1    1    1    1    1  2.18675E+12 0.02149 
   92    1    1    1   92    1    1    1    1    1  1.18755E+13 0.01007 
   93    1    1    1   93    1    1    1    1    1  3.81787E+13 0.00565 
   94    1    1    1   94    1    1    1    1    1  8.06614E+13 0.00373 
   95    1    1    1   95    1    1    1    1    1  1.10245E+14 0.00333 
   96    1    1    1   96    1    1    1    1    1  9.73613E+13 0.00366 
   97    1    1    1   97    1    1    1    1    1  5.57909E+13 0.00482 
   98    1    1    1   98    1    1    1    1    1  2.07705E+13 0.00749 
   99    1    1    1   99    1    1    1    1    1  5.86451E+12 0.01297 
  100    1    1    1  100    1    1    1    1    1  1.31314E+12 0.02678 
  101    1    1    1  101    1    1    1    1    1  6.28791E+12 0.01355 
  102    1    1    1  102    1    1    1    1    1  1.97169E+13 0.00755 
  103    1    1    1  103    1    1    1    1    1  4.03517E+13 0.00520 
  104    1    1    1  104    1    1    1    1    1  5.47638E+13 0.00448 
  105    1    1    1  105    1    1    1    1    1  4.84919E+13 0.00489 
  106    1    1    1  106    1    1    1    1    1  2.81314E+13 0.00642 
  107    1    1    1  107    1    1    1    1    1  1.09726E+13 0.00956 
  108    1    1    1  108    1    1    1    1    1  3.62481E+12 0.01720 
];


