
DETflux = [
    1    1    1    1    1    1    1    1    1    1  2.85006E+13 0.00925 
    2    1    1    1    2    1    1    1    1    1  1.90945E+14 0.00400 
    3    1    1    1    3    1    1    1    1    1  7.44780E+14 0.00228 
    4    1    1    1    4    1    1    1    1    1  1.77098E+15 0.00156 
    5    1    1    1    5    1    1    1    1    1  2.51615E+15 0.00131 
    6    1    1    1    6    1    1    1    1    1  2.18073E+15 0.00138 
    7    1    1    1    7    1    1    1    1    1  1.15332E+15 0.00172 
    8    1    1    1    8    1    1    1    1    1  3.63895E+14 0.00294 
    9    1    1    1    9    1    1    1    1    1  7.29728E+13 0.00600 
   10    1    1    1   10    1    1    1    1    1  5.73217E+13 0.00612 
   11    1    1    1   11    1    1    1    1    1  4.01700E+14 0.00264 
   12    1    1    1   12    1    1    1    1    1  1.58802E+15 0.00152 
   13    1    1    1   13    1    1    1    1    1  3.56401E+15 0.00108 
   14    1    1    1   14    1    1    1    1    1  4.80634E+15 0.00087 
   15    1    1    1   15    1    1    1    1    1  4.27367E+15 0.00085 
   16    1    1    1   16    1    1    1    1    1  2.40365E+15 0.00114 
   17    1    1    1   17    1    1    1    1    1  7.72277E+14 0.00203 
   18    1    1    1   18    1    1    1    1    1  1.45432E+14 0.00399 
   19    1    1    1   19    1    1    1    1    1  7.27757E+13 0.00499 
   20    1    1    1   20    1    1    1    1    1  5.08706E+14 0.00221 
   21    1    1    1   21    1    1    1    1    1  1.94917E+15 0.00128 
   22    1    1    1   22    1    1    1    1    1  4.08895E+15 0.00090 
   23    1    1    1   23    1    1    1    1    1  5.28062E+15 0.00068 
   24    1    1    1   24    1    1    1    1    1  4.77325E+15 0.00074 
   25    1    1    1   25    1    1    1    1    1  2.86524E+15 0.00103 
   26    1    1    1   26    1    1    1    1    1  9.66875E+14 0.00179 
   27    1    1    1   27    1    1    1    1    1  1.81567E+14 0.00349 
   28    1    1    1   28    1    1    1    1    1  7.12553E+13 0.00497 
   29    1    1    1   29    1    1    1    1    1  4.94382E+14 0.00213 
   30    1    1    1   30    1    1    1    1    1  1.83356E+15 0.00121 
   31    1    1    1   31    1    1    1    1    1  3.63973E+15 0.00085 
   32    1    1    1   32    1    1    1    1    1  4.54364E+15 0.00065 
   33    1    1    1   33    1    1    1    1    1  4.16510E+15 0.00077 
   34    1    1    1   34    1    1    1    1    1  2.62369E+15 0.00111 
   35    1    1    1   35    1    1    1    1    1  9.26932E+14 0.00181 
   36    1    1    1   36    1    1    1    1    1  1.76436E+14 0.00341 
   37    1    1    1   37    1    1    1    1    1  5.73464E+13 0.00535 
   38    1    1    1   38    1    1    1    1    1  3.92189E+14 0.00231 
   39    1    1    1   39    1    1    1    1    1  1.41789E+15 0.00139 
   40    1    1    1   40    1    1    1    1    1  2.76934E+15 0.00094 
   41    1    1    1   41    1    1    1    1    1  3.44522E+15 0.00078 
   42    1    1    1   42    1    1    1    1    1  3.16080E+15 0.00087 
   43    1    1    1   43    1    1    1    1    1  2.01097E+15 0.00127 
   44    1    1    1   44    1    1    1    1    1  7.25590E+14 0.00194 
   45    1    1    1   45    1    1    1    1    1  1.41633E+14 0.00349 
   46    1    1    1   46    1    1    1    1    1  3.92473E+13 0.00616 
   47    1    1    1   47    1    1    1    1    1  2.57378E+14 0.00258 
   48    1    1    1   48    1    1    1    1    1  9.17753E+14 0.00157 
   49    1    1    1   49    1    1    1    1    1  1.86144E+15 0.00105 
   50    1    1    1   50    1    1    1    1    1  2.39919E+15 0.00096 
   51    1    1    1   51    1    1    1    1    1  2.16727E+15 0.00105 
   52    1    1    1   52    1    1    1    1    1  1.31787E+15 0.00140 
   53    1    1    1   53    1    1    1    1    1  4.70300E+14 0.00224 
   54    1    1    1   54    1    1    1    1    1  9.62374E+13 0.00400 
   55    1    1    1   55    1    1    1    1    1  2.45972E+13 0.00764 
   56    1    1    1   56    1    1    1    1    1  1.52934E+14 0.00326 
   57    1    1    1   57    1    1    1    1    1  5.39678E+14 0.00189 
   58    1    1    1   58    1    1    1    1    1  1.13402E+15 0.00129 
   59    1    1    1   59    1    1    1    1    1  1.50770E+15 0.00116 
   60    1    1    1   60    1    1    1    1    1  1.34217E+15 0.00128 
   61    1    1    1   61    1    1    1    1    1  7.84906E+14 0.00166 
   62    1    1    1   62    1    1    1    1    1  2.76411E+14 0.00260 
   63    1    1    1   63    1    1    1    1    1  5.88970E+13 0.00514 
   64    1    1    1   64    1    1    1    1    1  1.44576E+13 0.00965 
   65    1    1    1   65    1    1    1    1    1  8.61031E+13 0.00406 
   66    1    1    1   66    1    1    1    1    1  2.97007E+14 0.00230 
   67    1    1    1   67    1    1    1    1    1  6.27816E+14 0.00169 
   68    1    1    1   68    1    1    1    1    1  8.46809E+14 0.00143 
   69    1    1    1   69    1    1    1    1    1  7.50107E+14 0.00160 
   70    1    1    1   70    1    1    1    1    1  4.30632E+14 0.00193 
   71    1    1    1   71    1    1    1    1    1  1.53419E+14 0.00326 
   72    1    1    1   72    1    1    1    1    1  3.45698E+13 0.00608 
   73    1    1    1   73    1    1    1    1    1  8.25937E+12 0.01193 
   74    1    1    1   74    1    1    1    1    1  4.66838E+13 0.00520 
   75    1    1    1   75    1    1    1    1    1  1.56195E+14 0.00301 
   76    1    1    1   76    1    1    1    1    1  3.30370E+14 0.00218 
   77    1    1    1   77    1    1    1    1    1  4.48411E+14 0.00184 
   78    1    1    1   78    1    1    1    1    1  3.95379E+14 0.00206 
   79    1    1    1   79    1    1    1    1    1  2.26575E+14 0.00263 
   80    1    1    1   80    1    1    1    1    1  8.20092E+13 0.00426 
   81    1    1    1   81    1    1    1    1    1  1.96843E+13 0.00782 
   82    1    1    1   82    1    1    1    1    1  4.67235E+12 0.01553 
   83    1    1    1   83    1    1    1    1    1  2.48924E+13 0.00685 
   84    1    1    1   84    1    1    1    1    1  8.06714E+13 0.00399 
   85    1    1    1   85    1    1    1    1    1  1.69301E+14 0.00283 
   86    1    1    1   86    1    1    1    1    1  2.30200E+14 0.00257 
   87    1    1    1   87    1    1    1    1    1  2.02837E+14 0.00264 
   88    1    1    1   88    1    1    1    1    1  1.16960E+14 0.00344 
   89    1    1    1   89    1    1    1    1    1  4.29514E+13 0.00557 
   90    1    1    1   90    1    1    1    1    1  1.11637E+13 0.00987 
   91    1    1    1   91    1    1    1    1    1  2.52987E+12 0.02093 
   92    1    1    1   92    1    1    1    1    1  1.30809E+13 0.00941 
   93    1    1    1   93    1    1    1    1    1  4.14710E+13 0.00555 
   94    1    1    1   94    1    1    1    1    1  8.57138E+13 0.00368 
   95    1    1    1   95    1    1    1    1    1  1.16377E+14 0.00332 
   96    1    1    1   96    1    1    1    1    1  1.01906E+14 0.00345 
   97    1    1    1   97    1    1    1    1    1  5.93912E+13 0.00456 
   98    1    1    1   98    1    1    1    1    1  2.24252E+13 0.00745 
   99    1    1    1   99    1    1    1    1    1  6.40889E+12 0.01305 
  100    1    1    1  100    1    1    1    1    1  1.40147E+12 0.02825 
  101    1    1    1  101    1    1    1    1    1  7.22720E+12 0.01208 
  102    1    1    1  102    1    1    1    1    1  2.14849E+13 0.00736 
  103    1    1    1  103    1    1    1    1    1  4.33845E+13 0.00510 
  104    1    1    1  104    1    1    1    1    1  5.84483E+13 0.00460 
  105    1    1    1  105    1    1    1    1    1  5.14857E+13 0.00465 
  106    1    1    1  106    1    1    1    1    1  3.06053E+13 0.00612 
  107    1    1    1  107    1    1    1    1    1  1.20402E+13 0.00978 
  108    1    1    1  108    1    1    1    1    1  3.95199E+12 0.01604 
];


