
DETflux = [
    1    1    1    1    1    1    1    1    1    1  3.35757E+13 0.00866 
    2    1    1    1    2    1    1    1    1    1  2.21434E+14 0.00391 
    3    1    1    1    3    1    1    1    1    1  8.68983E+14 0.00207 
    4    1    1    1    4    1    1    1    1    1  2.04037E+15 0.00149 
    5    1    1    1    5    1    1    1    1    1  2.89766E+15 0.00128 
    6    1    1    1    6    1    1    1    1    1  2.52097E+15 0.00134 
    7    1    1    1    7    1    1    1    1    1  1.33960E+15 0.00181 
    8    1    1    1    8    1    1    1    1    1  4.25674E+14 0.00292 
    9    1    1    1    9    1    1    1    1    1  8.62010E+13 0.00583 
   10    1    1    1   10    1    1    1    1    1  6.38734E+13 0.00590 
   11    1    1    1   11    1    1    1    1    1  4.38589E+14 0.00251 
   12    1    1    1   12    1    1    1    1    1  1.67910E+15 0.00147 
   13    1    1    1   13    1    1    1    1    1  3.62937E+15 0.00103 
   14    1    1    1   14    1    1    1    1    1  4.80595E+15 0.00082 
   15    1    1    1   15    1    1    1    1    1  4.30461E+15 0.00084 
   16    1    1    1   16    1    1    1    1    1  2.49987E+15 0.00122 
   17    1    1    1   17    1    1    1    1    1  8.29578E+14 0.00197 
   18    1    1    1   18    1    1    1    1    1  1.59282E+14 0.00385 
   19    1    1    1   19    1    1    1    1    1  7.81799E+13 0.00522 
   20    1    1    1   20    1    1    1    1    1  5.36189E+14 0.00224 
   21    1    1    1   21    1    1    1    1    1  1.97757E+15 0.00129 
   22    1    1    1   22    1    1    1    1    1  3.95550E+15 0.00088 
   23    1    1    1   23    1    1    1    1    1  4.96862E+15 0.00068 
   24    1    1    1   24    1    1    1    1    1  4.54814E+15 0.00076 
   25    1    1    1   25    1    1    1    1    1  2.83730E+15 0.00102 
   26    1    1    1   26    1    1    1    1    1  9.97679E+14 0.00170 
   27    1    1    1   27    1    1    1    1    1  1.93743E+14 0.00337 
   28    1    1    1   28    1    1    1    1    1  7.54574E+13 0.00499 
   29    1    1    1   29    1    1    1    1    1  5.09845E+14 0.00228 
   30    1    1    1   30    1    1    1    1    1  1.81765E+15 0.00128 
   31    1    1    1   31    1    1    1    1    1  3.42760E+15 0.00089 
   32    1    1    1   32    1    1    1    1    1  4.17421E+15 0.00070 
   33    1    1    1   33    1    1    1    1    1  3.87567E+15 0.00080 
   34    1    1    1   34    1    1    1    1    1  2.53805E+15 0.00104 
   35    1    1    1   35    1    1    1    1    1  9.36051E+14 0.00173 
   36    1    1    1   36    1    1    1    1    1  1.84497E+14 0.00336 
   37    1    1    1   37    1    1    1    1    1  6.04010E+13 0.00532 
   38    1    1    1   38    1    1    1    1    1  4.00387E+14 0.00243 
   39    1    1    1   39    1    1    1    1    1  1.39873E+15 0.00143 
   40    1    1    1   40    1    1    1    1    1  2.59751E+15 0.00092 
   41    1    1    1   41    1    1    1    1    1  3.16731E+15 0.00079 
   42    1    1    1   42    1    1    1    1    1  2.93656E+15 0.00087 
   43    1    1    1   43    1    1    1    1    1  1.93370E+15 0.00113 
   44    1    1    1   44    1    1    1    1    1  7.28443E+14 0.00191 
   45    1    1    1   45    1    1    1    1    1  1.47349E+14 0.00352 
   46    1    1    1   46    1    1    1    1    1  4.10829E+13 0.00607 
   47    1    1    1   47    1    1    1    1    1  2.63023E+14 0.00276 
   48    1    1    1   48    1    1    1    1    1  9.07047E+14 0.00160 
   49    1    1    1   49    1    1    1    1    1  1.76805E+15 0.00108 
   50    1    1    1   50    1    1    1    1    1  2.23776E+15 0.00098 
   51    1    1    1   51    1    1    1    1    1  2.04061E+15 0.00098 
   52    1    1    1   52    1    1    1    1    1  1.27634E+15 0.00139 
   53    1    1    1   53    1    1    1    1    1  4.72299E+14 0.00213 
   54    1    1    1   54    1    1    1    1    1  9.97768E+13 0.00417 
   55    1    1    1   55    1    1    1    1    1  2.56926E+13 0.00755 
   56    1    1    1   56    1    1    1    1    1  1.56529E+14 0.00343 
   57    1    1    1   57    1    1    1    1    1  5.37286E+14 0.00190 
   58    1    1    1   58    1    1    1    1    1  1.09590E+15 0.00136 
   59    1    1    1   59    1    1    1    1    1  1.43360E+15 0.00123 
   60    1    1    1   60    1    1    1    1    1  1.28820E+15 0.00122 
   61    1    1    1   61    1    1    1    1    1  7.69170E+14 0.00161 
   62    1    1    1   62    1    1    1    1    1  2.78676E+14 0.00255 
   63    1    1    1   63    1    1    1    1    1  6.11111E+13 0.00505 
   64    1    1    1   64    1    1    1    1    1  1.49996E+13 0.00952 
   65    1    1    1   65    1    1    1    1    1  8.82897E+13 0.00418 
   66    1    1    1   66    1    1    1    1    1  2.96355E+14 0.00246 
   67    1    1    1   67    1    1    1    1    1  6.16163E+14 0.00174 
   68    1    1    1   68    1    1    1    1    1  8.20820E+14 0.00149 
   69    1    1    1   69    1    1    1    1    1  7.30224E+14 0.00152 
   70    1    1    1   70    1    1    1    1    1  4.28504E+14 0.00206 
   71    1    1    1   71    1    1    1    1    1  1.56201E+14 0.00319 
   72    1    1    1   72    1    1    1    1    1  3.60272E+13 0.00605 
   73    1    1    1   73    1    1    1    1    1  8.58310E+12 0.01184 
   74    1    1    1   74    1    1    1    1    1  4.81212E+13 0.00528 
   75    1    1    1   75    1    1    1    1    1  1.56951E+14 0.00303 
   76    1    1    1   76    1    1    1    1    1  3.27300E+14 0.00223 
   77    1    1    1   77    1    1    1    1    1  4.41744E+14 0.00198 
   78    1    1    1   78    1    1    1    1    1  3.92244E+14 0.00203 
   79    1    1    1   79    1    1    1    1    1  2.28399E+14 0.00257 
   80    1    1    1   80    1    1    1    1    1  8.44308E+13 0.00397 
   81    1    1    1   81    1    1    1    1    1  2.06082E+13 0.00792 
   82    1    1    1   82    1    1    1    1    1  4.73704E+12 0.01562 
   83    1    1    1   83    1    1    1    1    1  2.54543E+13 0.00714 
   84    1    1    1   84    1    1    1    1    1  8.18985E+13 0.00403 
   85    1    1    1   85    1    1    1    1    1  1.69691E+14 0.00284 
   86    1    1    1   86    1    1    1    1    1  2.28934E+14 0.00245 
   87    1    1    1   87    1    1    1    1    1  2.03547E+14 0.00265 
   88    1    1    1   88    1    1    1    1    1  1.19437E+14 0.00334 
   89    1    1    1   89    1    1    1    1    1  4.43401E+13 0.00528 
   90    1    1    1   90    1    1    1    1    1  1.18982E+13 0.00992 
   91    1    1    1   91    1    1    1    1    1  2.62854E+12 0.02027 
   92    1    1    1   92    1    1    1    1    1  1.33787E+13 0.00954 
   93    1    1    1   93    1    1    1    1    1  4.22353E+13 0.00528 
   94    1    1    1   94    1    1    1    1    1  8.62816E+13 0.00369 
   95    1    1    1   95    1    1    1    1    1  1.16173E+14 0.00333 
   96    1    1    1   96    1    1    1    1    1  1.03696E+14 0.00351 
   97    1    1    1   97    1    1    1    1    1  6.12069E+13 0.00439 
   98    1    1    1   98    1    1    1    1    1  2.32449E+13 0.00697 
   99    1    1    1   99    1    1    1    1    1  6.77709E+12 0.01230 
  100    1    1    1  100    1    1    1    1    1  1.52951E+12 0.02640 
  101    1    1    1  101    1    1    1    1    1  7.44065E+12 0.01214 
  102    1    1    1  102    1    1    1    1    1  2.20202E+13 0.00732 
  103    1    1    1  103    1    1    1    1    1  4.45579E+13 0.00507 
  104    1    1    1  104    1    1    1    1    1  5.91098E+13 0.00440 
  105    1    1    1  105    1    1    1    1    1  5.30436E+13 0.00471 
  106    1    1    1  106    1    1    1    1    1  3.15886E+13 0.00576 
  107    1    1    1  107    1    1    1    1    1  1.25240E+13 0.00940 
  108    1    1    1  108    1    1    1    1    1  4.13159E+12 0.01555 
];


