
DETflux = [
    1    1    1    1    1    1    1    1    1    1  2.98616E+13 0.00926 
    2    1    1    1    2    1    1    1    1    1  1.91119E+14 0.00407 
    3    1    1    1    3    1    1    1    1    1  7.52338E+14 0.00231 
    4    1    1    1    4    1    1    1    1    1  1.77165E+15 0.00153 
    5    1    1    1    5    1    1    1    1    1  2.51539E+15 0.00129 
    6    1    1    1    6    1    1    1    1    1  2.17900E+15 0.00139 
    7    1    1    1    7    1    1    1    1    1  1.15070E+15 0.00188 
    8    1    1    1    8    1    1    1    1    1  3.64006E+14 0.00313 
    9    1    1    1    9    1    1    1    1    1  7.21943E+13 0.00622 
   10    1    1    1   10    1    1    1    1    1  5.84368E+13 0.00599 
   11    1    1    1   11    1    1    1    1    1  4.04584E+14 0.00269 
   12    1    1    1   12    1    1    1    1    1  1.59573E+15 0.00151 
   13    1    1    1   13    1    1    1    1    1  3.56808E+15 0.00095 
   14    1    1    1   14    1    1    1    1    1  4.81158E+15 0.00080 
   15    1    1    1   15    1    1    1    1    1  4.26378E+15 0.00092 
   16    1    1    1   16    1    1    1    1    1  2.39763E+15 0.00123 
   17    1    1    1   17    1    1    1    1    1  7.71175E+14 0.00199 
   18    1    1    1   18    1    1    1    1    1  1.45413E+14 0.00386 
   19    1    1    1   19    1    1    1    1    1  7.32928E+13 0.00502 
   20    1    1    1   20    1    1    1    1    1  5.13674E+14 0.00232 
   21    1    1    1   21    1    1    1    1    1  1.96512E+15 0.00132 
   22    1    1    1   22    1    1    1    1    1  4.10096E+15 0.00079 
   23    1    1    1   23    1    1    1    1    1  5.26868E+15 0.00063 
   24    1    1    1   24    1    1    1    1    1  4.77038E+15 0.00080 
   25    1    1    1   25    1    1    1    1    1  2.86794E+15 0.00105 
   26    1    1    1   26    1    1    1    1    1  9.64653E+14 0.00169 
   27    1    1    1   27    1    1    1    1    1  1.80985E+14 0.00345 
   28    1    1    1   28    1    1    1    1    1  7.14263E+13 0.00500 
   29    1    1    1   29    1    1    1    1    1  4.99351E+14 0.00230 
   30    1    1    1   30    1    1    1    1    1  1.84698E+15 0.00133 
   31    1    1    1   31    1    1    1    1    1  3.63891E+15 0.00089 
   32    1    1    1   32    1    1    1    1    1  4.53524E+15 0.00066 
   33    1    1    1   33    1    1    1    1    1  4.16067E+15 0.00076 
   34    1    1    1   34    1    1    1    1    1  2.63132E+15 0.00105 
   35    1    1    1   35    1    1    1    1    1  9.26636E+14 0.00174 
   36    1    1    1   36    1    1    1    1    1  1.76339E+14 0.00347 
   37    1    1    1   37    1    1    1    1    1  5.77395E+13 0.00536 
   38    1    1    1   38    1    1    1    1    1  3.94813E+14 0.00245 
   39    1    1    1   39    1    1    1    1    1  1.42283E+15 0.00142 
   40    1    1    1   40    1    1    1    1    1  2.76596E+15 0.00102 
   41    1    1    1   41    1    1    1    1    1  3.43584E+15 0.00079 
   42    1    1    1   42    1    1    1    1    1  3.15561E+15 0.00082 
   43    1    1    1   43    1    1    1    1    1  2.01583E+15 0.00117 
   44    1    1    1   44    1    1    1    1    1  7.24278E+14 0.00187 
   45    1    1    1   45    1    1    1    1    1  1.41371E+14 0.00382 
   46    1    1    1   46    1    1    1    1    1  4.00217E+13 0.00616 
   47    1    1    1   47    1    1    1    1    1  2.58595E+14 0.00287 
   48    1    1    1   48    1    1    1    1    1  9.20263E+14 0.00163 
   49    1    1    1   49    1    1    1    1    1  1.85742E+15 0.00115 
   50    1    1    1   50    1    1    1    1    1  2.39257E+15 0.00096 
   51    1    1    1   51    1    1    1    1    1  2.16195E+15 0.00095 
   52    1    1    1   52    1    1    1    1    1  1.32057E+15 0.00129 
   53    1    1    1   53    1    1    1    1    1  4.70474E+14 0.00211 
   54    1    1    1   54    1    1    1    1    1  9.56892E+13 0.00441 
   55    1    1    1   55    1    1    1    1    1  2.43862E+13 0.00777 
   56    1    1    1   56    1    1    1    1    1  1.53759E+14 0.00340 
   57    1    1    1   57    1    1    1    1    1  5.43022E+14 0.00194 
   58    1    1    1   58    1    1    1    1    1  1.13206E+15 0.00138 
   59    1    1    1   59    1    1    1    1    1  1.50266E+15 0.00116 
   60    1    1    1   60    1    1    1    1    1  1.33963E+15 0.00119 
   61    1    1    1   61    1    1    1    1    1  7.85848E+14 0.00158 
   62    1    1    1   62    1    1    1    1    1  2.76728E+14 0.00247 
   63    1    1    1   63    1    1    1    1    1  5.94711E+13 0.00515 
   64    1    1    1   64    1    1    1    1    1  1.44329E+13 0.00948 
   65    1    1    1   65    1    1    1    1    1  8.67222E+13 0.00433 
   66    1    1    1   66    1    1    1    1    1  2.96981E+14 0.00246 
   67    1    1    1   67    1    1    1    1    1  6.26988E+14 0.00169 
   68    1    1    1   68    1    1    1    1    1  8.42960E+14 0.00148 
   69    1    1    1   69    1    1    1    1    1  7.47660E+14 0.00150 
   70    1    1    1   70    1    1    1    1    1  4.30247E+14 0.00191 
   71    1    1    1   71    1    1    1    1    1  1.53104E+14 0.00322 
   72    1    1    1   72    1    1    1    1    1  3.52985E+13 0.00619 
   73    1    1    1   73    1    1    1    1    1  8.28266E+12 0.01191 
   74    1    1    1   74    1    1    1    1    1  4.68144E+13 0.00542 
   75    1    1    1   75    1    1    1    1    1  1.57073E+14 0.00311 
   76    1    1    1   76    1    1    1    1    1  3.29053E+14 0.00219 
   77    1    1    1   77    1    1    1    1    1  4.45932E+14 0.00183 
   78    1    1    1   78    1    1    1    1    1  3.95200E+14 0.00192 
   79    1    1    1   79    1    1    1    1    1  2.26137E+14 0.00259 
   80    1    1    1   80    1    1    1    1    1  8.21423E+13 0.00412 
   81    1    1    1   81    1    1    1    1    1  2.01025E+13 0.00774 
   82    1    1    1   82    1    1    1    1    1  4.61828E+12 0.01520 
   83    1    1    1   83    1    1    1    1    1  2.47701E+13 0.00726 
   84    1    1    1   84    1    1    1    1    1  8.12545E+13 0.00421 
   85    1    1    1   85    1    1    1    1    1  1.68365E+14 0.00286 
   86    1    1    1   86    1    1    1    1    1  2.28957E+14 0.00247 
   87    1    1    1   87    1    1    1    1    1  2.02762E+14 0.00264 
   88    1    1    1   88    1    1    1    1    1  1.16528E+14 0.00344 
   89    1    1    1   89    1    1    1    1    1  4.31359E+13 0.00531 
   90    1    1    1   90    1    1    1    1    1  1.13381E+13 0.01001 
   91    1    1    1   91    1    1    1    1    1  2.49998E+12 0.01950 
   92    1    1    1   92    1    1    1    1    1  1.29705E+13 0.00946 
   93    1    1    1   93    1    1    1    1    1  4.19081E+13 0.00526 
   94    1    1    1   94    1    1    1    1    1  8.55343E+13 0.00385 
   95    1    1    1   95    1    1    1    1    1  1.15395E+14 0.00335 
   96    1    1    1   96    1    1    1    1    1  1.02064E+14 0.00372 
   97    1    1    1   97    1    1    1    1    1  5.94815E+13 0.00472 
   98    1    1    1   98    1    1    1    1    1  2.24158E+13 0.00685 
   99    1    1    1   99    1    1    1    1    1  6.53679E+12 0.01305 
  100    1    1    1  100    1    1    1    1    1  1.48443E+12 0.02513 
  101    1    1    1  101    1    1    1    1    1  7.09212E+12 0.01243 
  102    1    1    1  102    1    1    1    1    1  2.20556E+13 0.00695 
  103    1    1    1  103    1    1    1    1    1  4.37928E+13 0.00519 
  104    1    1    1  104    1    1    1    1    1  5.77450E+13 0.00452 
  105    1    1    1  105    1    1    1    1    1  5.17723E+13 0.00480 
  106    1    1    1  106    1    1    1    1    1  3.08419E+13 0.00607 
  107    1    1    1  107    1    1    1    1    1  1.19283E+13 0.00942 
  108    1    1    1  108    1    1    1    1    1  3.96512E+12 0.01497 
];


