
DETflux = [
    1    1    1    1    1    1    1    1    1    1  2.89333E+13 0.00899 
    2    1    1    1    2    1    1    1    1    1  1.89945E+14 0.00403 
    3    1    1    1    3    1    1    1    1    1  7.46780E+14 0.00219 
    4    1    1    1    4    1    1    1    1    1  1.77564E+15 0.00154 
    5    1    1    1    5    1    1    1    1    1  2.53379E+15 0.00132 
    6    1    1    1    6    1    1    1    1    1  2.19316E+15 0.00141 
    7    1    1    1    7    1    1    1    1    1  1.16144E+15 0.00186 
    8    1    1    1    8    1    1    1    1    1  3.68170E+14 0.00309 
    9    1    1    1    9    1    1    1    1    1  7.35735E+13 0.00601 
   10    1    1    1   10    1    1    1    1    1  5.83399E+13 0.00588 
   11    1    1    1   11    1    1    1    1    1  4.01011E+14 0.00259 
   12    1    1    1   12    1    1    1    1    1  1.58953E+15 0.00150 
   13    1    1    1   13    1    1    1    1    1  3.57066E+15 0.00096 
   14    1    1    1   14    1    1    1    1    1  4.81348E+15 0.00084 
   15    1    1    1   15    1    1    1    1    1  4.26572E+15 0.00085 
   16    1    1    1   16    1    1    1    1    1  2.40886E+15 0.00127 
   17    1    1    1   17    1    1    1    1    1  7.73375E+14 0.00207 
   18    1    1    1   18    1    1    1    1    1  1.45191E+14 0.00436 
   19    1    1    1   19    1    1    1    1    1  7.25374E+13 0.00536 
   20    1    1    1   20    1    1    1    1    1  5.08727E+14 0.00226 
   21    1    1    1   21    1    1    1    1    1  1.95326E+15 0.00132 
   22    1    1    1   22    1    1    1    1    1  4.10053E+15 0.00086 
   23    1    1    1   23    1    1    1    1    1  5.26675E+15 0.00066 
   24    1    1    1   24    1    1    1    1    1  4.75872E+15 0.00073 
   25    1    1    1   25    1    1    1    1    1  2.86820E+15 0.00105 
   26    1    1    1   26    1    1    1    1    1  9.66814E+14 0.00171 
   27    1    1    1   27    1    1    1    1    1  1.81182E+14 0.00359 
   28    1    1    1   28    1    1    1    1    1  7.11559E+13 0.00524 
   29    1    1    1   29    1    1    1    1    1  4.94843E+14 0.00215 
   30    1    1    1   30    1    1    1    1    1  1.84569E+15 0.00134 
   31    1    1    1   31    1    1    1    1    1  3.65025E+15 0.00086 
   32    1    1    1   32    1    1    1    1    1  4.53642E+15 0.00066 
   33    1    1    1   33    1    1    1    1    1  4.14559E+15 0.00074 
   34    1    1    1   34    1    1    1    1    1  2.62087E+15 0.00106 
   35    1    1    1   35    1    1    1    1    1  9.29534E+14 0.00176 
   36    1    1    1   36    1    1    1    1    1  1.77309E+14 0.00343 
   37    1    1    1   37    1    1    1    1    1  5.71371E+13 0.00580 
   38    1    1    1   38    1    1    1    1    1  3.92704E+14 0.00243 
   39    1    1    1   39    1    1    1    1    1  1.43177E+15 0.00134 
   40    1    1    1   40    1    1    1    1    1  2.77863E+15 0.00090 
   41    1    1    1   41    1    1    1    1    1  3.43854E+15 0.00075 
   42    1    1    1   42    1    1    1    1    1  3.14687E+15 0.00084 
   43    1    1    1   43    1    1    1    1    1  2.00887E+15 0.00115 
   44    1    1    1   44    1    1    1    1    1  7.27664E+14 0.00183 
   45    1    1    1   45    1    1    1    1    1  1.42740E+14 0.00377 
   46    1    1    1   46    1    1    1    1    1  3.94902E+13 0.00626 
   47    1    1    1   47    1    1    1    1    1  2.59510E+14 0.00271 
   48    1    1    1   48    1    1    1    1    1  9.22896E+14 0.00145 
   49    1    1    1   49    1    1    1    1    1  1.86615E+15 0.00106 
   50    1    1    1   50    1    1    1    1    1  2.39047E+15 0.00094 
   51    1    1    1   51    1    1    1    1    1  2.15465E+15 0.00103 
   52    1    1    1   52    1    1    1    1    1  1.31563E+15 0.00134 
   53    1    1    1   53    1    1    1    1    1  4.71324E+14 0.00214 
   54    1    1    1   54    1    1    1    1    1  9.71815E+13 0.00422 
   55    1    1    1   55    1    1    1    1    1  2.45259E+13 0.00753 
   56    1    1    1   56    1    1    1    1    1  1.54004E+14 0.00334 
   57    1    1    1   57    1    1    1    1    1  5.41950E+14 0.00183 
   58    1    1    1   58    1    1    1    1    1  1.13478E+15 0.00132 
   59    1    1    1   59    1    1    1    1    1  1.50234E+15 0.00116 
   60    1    1    1   60    1    1    1    1    1  1.33525E+15 0.00124 
   61    1    1    1   61    1    1    1    1    1  7.83506E+14 0.00160 
   62    1    1    1   62    1    1    1    1    1  2.77569E+14 0.00255 
   63    1    1    1   63    1    1    1    1    1  5.95889E+13 0.00500 
   64    1    1    1   64    1    1    1    1    1  1.44200E+13 0.00971 
   65    1    1    1   65    1    1    1    1    1  8.59139E+13 0.00405 
   66    1    1    1   66    1    1    1    1    1  2.96954E+14 0.00234 
   67    1    1    1   67    1    1    1    1    1  6.28167E+14 0.00163 
   68    1    1    1   68    1    1    1    1    1  8.42225E+14 0.00144 
   69    1    1    1   69    1    1    1    1    1  7.44582E+14 0.00157 
   70    1    1    1   70    1    1    1    1    1  4.29752E+14 0.00197 
   71    1    1    1   71    1    1    1    1    1  1.53965E+14 0.00335 
   72    1    1    1   72    1    1    1    1    1  3.52875E+13 0.00622 
   73    1    1    1   73    1    1    1    1    1  8.04771E+12 0.01259 
   74    1    1    1   74    1    1    1    1    1  4.66221E+13 0.00519 
   75    1    1    1   75    1    1    1    1    1  1.56946E+14 0.00299 
   76    1    1    1   76    1    1    1    1    1  3.30230E+14 0.00211 
   77    1    1    1   77    1    1    1    1    1  4.45147E+14 0.00187 
   78    1    1    1   78    1    1    1    1    1  3.92107E+14 0.00202 
   79    1    1    1   79    1    1    1    1    1  2.26085E+14 0.00255 
   80    1    1    1   80    1    1    1    1    1  8.29260E+13 0.00413 
   81    1    1    1   81    1    1    1    1    1  2.03089E+13 0.00785 
   82    1    1    1   82    1    1    1    1    1  4.39762E+12 0.01516 
   83    1    1    1   83    1    1    1    1    1  2.48414E+13 0.00701 
   84    1    1    1   84    1    1    1    1    1  8.12846E+13 0.00406 
   85    1    1    1   85    1    1    1    1    1  1.69349E+14 0.00292 
   86    1    1    1   86    1    1    1    1    1  2.28284E+14 0.00256 
   87    1    1    1   87    1    1    1    1    1  2.01281E+14 0.00260 
   88    1    1    1   88    1    1    1    1    1  1.16401E+14 0.00334 
   89    1    1    1   89    1    1    1    1    1  4.34958E+13 0.00556 
   90    1    1    1   90    1    1    1    1    1  1.15165E+13 0.01011 
   91    1    1    1   91    1    1    1    1    1  2.41196E+12 0.02077 
   92    1    1    1   92    1    1    1    1    1  1.31161E+13 0.00904 
   93    1    1    1   93    1    1    1    1    1  4.17919E+13 0.00526 
   94    1    1    1   94    1    1    1    1    1  8.54602E+13 0.00387 
   95    1    1    1   95    1    1    1    1    1  1.15041E+14 0.00322 
   96    1    1    1   96    1    1    1    1    1  1.01024E+14 0.00354 
   97    1    1    1   97    1    1    1    1    1  5.89173E+13 0.00453 
   98    1    1    1   98    1    1    1    1    1  2.27733E+13 0.00717 
   99    1    1    1   99    1    1    1    1    1  6.55901E+12 0.01328 
  100    1    1    1  100    1    1    1    1    1  1.45106E+12 0.02657 
  101    1    1    1  101    1    1    1    1    1  7.09458E+12 0.01171 
  102    1    1    1  102    1    1    1    1    1  2.18270E+13 0.00742 
  103    1    1    1  103    1    1    1    1    1  4.36947E+13 0.00523 
  104    1    1    1  104    1    1    1    1    1  5.76641E+13 0.00444 
  105    1    1    1  105    1    1    1    1    1  5.11485E+13 0.00479 
  106    1    1    1  106    1    1    1    1    1  3.03354E+13 0.00615 
  107    1    1    1  107    1    1    1    1    1  1.20822E+13 0.01015 
  108    1    1    1  108    1    1    1    1    1  3.98287E+12 0.01619 
];


