z = [
-1.5,
-1.494,
-1.488,
-1.482,
-1.476,
-1.47,
-1.464,
-1.458,
-1.452,
-1.446,
-1.44,
-1.434,
-1.428,
-1.422,
-1.416,
-1.41,
-1.404,
-1.398,
-1.392,
-1.386,
-1.38,
-1.374,
-1.368,
-1.362,
-1.356,
-1.35,
-1.344,
-1.338,
-1.332,
-1.326,
-1.32,
-1.314,
-1.308,
-1.302,
-1.296,
-1.29,
-1.284,
-1.278,
-1.272,
-1.266,
-1.26,
-1.254,
-1.248,
-1.242,
-1.236,
-1.23,
-1.224,
-1.218,
-1.212,
-1.206,
-1.2,
-1.194,
-1.188,
-1.182,
-1.176,
-1.17,
-1.164,
-1.158,
-1.152,
-1.146,
-1.14,
-1.134,
-1.128,
-1.122,
-1.116,
-1.11,
-1.104,
-1.098,
-1.092,
-1.086,
-1.08,
-1.074,
-1.068,
-1.062,
-1.056,
-1.05,
-1.044,
-1.038,
-1.032,
-1.026,
-1.02,
-1.014,
-1.008,
-1.002,
-0.996,
-0.99,
-0.984,
-0.978,
-0.972,
-0.966,
-0.96,
-0.954,
-0.948,
-0.942,
-0.936,
-0.93,
-0.924,
-0.918,
-0.912,
-0.906,
-0.9,
-0.894,
-0.888,
-0.882,
-0.876,
-0.87,
-0.864,
-0.858,
-0.852,
-0.846,
-0.84,
-0.834,
-0.828,
-0.822,
-0.816,
-0.81,
-0.804,
-0.798,
-0.792,
-0.786,
-0.78,
-0.774,
-0.768,
-0.762,
-0.756,
-0.75,
-0.744,
-0.738,
-0.732,
-0.726,
-0.72,
-0.714,
-0.708,
-0.702,
-0.696,
-0.69,
-0.684,
-0.678,
-0.672,
-0.666,
-0.66,
-0.654,
-0.648,
-0.642,
-0.636,
-0.63,
-0.624,
-0.618,
-0.612,
-0.606,
-0.6,
-0.594,
-0.588,
-0.582,
-0.576,
-0.57,
-0.564,
-0.558,
-0.552,
-0.546,
-0.54,
-0.534,
-0.528,
-0.522,
-0.516,
-0.51,
-0.504,
-0.498,
-0.492,
-0.486,
-0.48,
-0.474,
-0.468,
-0.462,
-0.456,
-0.45,
-0.444,
-0.438,
-0.432,
-0.426,
-0.42,
-0.414,
-0.408,
-0.402,
-0.396,
-0.39,
-0.384,
-0.378,
-0.372,
-0.366,
-0.36,
-0.354,
-0.348,
-0.342,
-0.336,
-0.33,
-0.324,
-0.318,
-0.312,
-0.306,
-0.3,
-0.294,
-0.288,
-0.282,
-0.276,
-0.27,
-0.264,
-0.258,
-0.252,
-0.246,
-0.24,
-0.234,
-0.228,
-0.222,
-0.216,
-0.21,
-0.204,
-0.198,
-0.192,
-0.186,
-0.18,
-0.174,
-0.168,
-0.162,
-0.156,
-0.15,
-0.144,
-0.138,
-0.132,
-0.126,
-0.12,
-0.114,
-0.108,
-0.102,
-0.096,
-0.09,
-0.084,
-0.078,
-0.072,
-0.066,
-0.06,
-0.054,
-0.048,
-0.042,
-0.036,
-0.03,
-0.024,
-0.018,
-0.012,
-0.006,
0.0,
0.006,
0.012,
0.018,
0.024,
0.03,
0.036,
0.042,
0.048,
0.054,
0.06,
0.066,
0.072,
0.078,
0.084,
0.09,
0.096,
0.102,
0.108,
0.114,
0.12,
0.126,
0.132,
0.138,
0.144,
0.15,
0.156,
0.162,
0.168,
0.174,
0.18,
0.186,
0.192,
0.198,
0.204,
0.21,
0.216,
0.222,
0.228,
0.234,
0.24,
0.246,
0.252,
0.258,
0.264,
0.27,
0.276,
0.282,
0.288,
0.294,
0.3,
0.306,
0.312,
0.318,
0.324,
0.33,
0.336,
0.342,
0.348,
0.354,
0.36,
0.366,
0.372,
0.378,
0.384,
0.39,
0.396,
0.402,
0.408,
0.414,
0.42,
0.426,
0.432,
0.438,
0.444,
0.45,
0.456,
0.462,
0.468,
0.474,
0.48,
0.486,
0.492,
0.498,
0.504,
0.51,
0.516,
0.522,
0.528,
0.534,
0.54,
0.546,
0.552,
0.558,
0.564,
0.57,
0.576,
0.582,
0.588,
0.594,
0.6,
0.606,
0.612,
0.618,
0.624,
0.63,
0.636,
0.642,
0.648,
0.654,
0.66,
0.666,
0.672,
0.678,
0.684,
0.69,
0.696,
0.702,
0.708,
0.714,
0.72,
0.726,
0.732,
0.738,
0.744,
0.75,
0.756,
0.762,
0.768,
0.774,
0.78,
0.786,
0.792,
0.798,
0.804,
0.81,
0.816,
0.822,
0.828,
0.834,
0.84,
0.846,
0.852,
0.858,
0.864,
0.87,
0.876,
0.882,
0.888,
0.894,
0.9,
0.906,
0.912,
0.918,
0.924,
0.93,
0.936,
0.942,
0.948,
0.954,
0.96,
0.966,
0.972,
0.978,
0.984,
0.99,
0.996,
1.002,
1.008,
1.014,
1.02,
1.026,
1.032,
1.038,
1.044,
1.05,
1.056,
1.062,
1.068,
1.074,
1.08,
1.086,
1.092,
1.098,
1.104,
1.11,
1.116,
1.122,
1.128,
1.134,
1.14,
1.146,
1.152,
1.158,
1.164,
1.17,
1.176,
1.182,
1.188,
1.194,
1.2,
1.206,
1.212,
1.218,
1.224,
1.23,
1.236,
1.242,
1.248,
1.254,
1.26,
1.266,
1.272,
1.278,
1.284,
1.29,
1.296,
1.302,
1.308,
1.314,
1.32,
1.326,
1.332,
1.338,
1.344,
1.35,
1.356,
1.362,
1.368,
1.374,
1.38,
1.386,
1.392,
1.398,
1.404,
1.41,
1.416,
1.422,
1.428,
1.434,
1.44,
1.446,
1.452,
1.458,
1.464,
1.47,
1.476,
1.482,
1.488,
1.494,
1.5,];
cit = [
358.3654439151768,
358.67293085806705,
358.98602413212745,
359.30221276925363,
359.6214861998303,
359.9438334141811,
360.2692432946959,
360.597704616158,
360.92920604611845,
361.26373614527586,
361.6012833678577,
361.9418360620044,
362.28538247015763,
362.6319107294486,
362.98140887209354,
363.3338648257868,
363.6892664141012,
364.0476013568883,
364.40885727068246,
364.7730216691075,
365.1400819632861,
365.51002546225175,
365.8828393733635,
366.2585108027222,
366.6370267555926,
367.01837413682347,
367.40253975127416,
367.78951030424184,
368.17927240189147,
368.57181255168894,
368.9671171628362,
369.36517254670923,
369.765964917298,
370.1694803916496,
370.5757049903135,
370.984624637789,
371.3962251629757,
371.8104922996265,
372.2274116868015,
372.64696886932666,
373.0691492982529,
373.4939383313192,
373.9213212334165,
374.3512831770547,
374.7838092428326,
375.2188844199095,
375.6564936064791,
376.09662161024573,
376.53925314890364,
376.9843728506178,
377.4319652545073,
377.88201481113094,
378.3345058829751,
378.78942274494466,
379.2467495848548,
379.7064705039262,
380.1685695172822,
380.6330305544477,
381.0998374598513,
381.5689739933292,
382.04042383063074,
382.51417056392734,
382.9901977023226,
383.468488672366,
383.94902681856695,
384.4317954039127,
384.9167776103877,
385.4039565394953,
385.893315212782,
386.38483657236293,
386.8785034814514,
387.3742987248884,
387.8722050096759,
388.3722049655121,
388.87428114532815,
389.3784160258282,
389.88459200803027,
390.39279141781117,
390.9029965064516,
391.4151894511849,
391.9293523557476,
392.44546725093187,
392.9635160951407,
393.4834807749445,
394.00534310564126,
394.52908483181716,
395.0546876279111,
395.5821330987801,
396.111402780268,
396.6424781397752,
397.1753405768318,
397.7099714236723,
398.2463519458129,
398.7844633426299,
399.3242867479428,
399.86580323059604,
400.40899379504697,
400.9538393819529,
401.5003208687614,
402.048419070304,
402.59811473939067,
403.1493885674065,
403.7022211849119,
404.25659316224414,
404.8124850101211,
405.36987718024807,
405.9287500659253,
406.48908400265987,
407.05085926877814,
407.61405608604093,
408.17865462026214,
408.74463498192733,
409.3119772268167,
409.88066135662996,
410.4506673196123,
411.0219750111837,
411.59456427457087,
412.16841490144054,
412.7435066325354,
413.3198191583127,
413.89733211958503,
414.47602510816296,
415.0558776675008,
415.63686929334347,
416.21897943437773,
416.8021874928834,
417.38647282538864,
417.9718147433265,
418.55819251369473,
419.1455853597174,
419.733972461509,
420.32333295674016,
420.91364594130755,
421.50489047000406,
422.0970455571928,
422.69009017748306,
423.2840032664077,
423.87876372110475,
424.4743504009999,
425.0707421284916,
425.66791768963867,
426.2658558348512,
426.8645352795821,
427.4639347050221,
428.06403275879666,
428.6648080556663,
429.2662391782276,
429.86830467761774,
430.4709830742212,
431.0742528583788,
431.67809249109905,
432.2824804047708,
432.8873950038817,
433.4928146657335,
434.0987177411656,
434.7050825552766,
435.3118874081498,
435.9191105755814,
436.5267303098109,
437.1347248402526,
437.7430723742315,
438.3517510977192,
438.96073917607464,
439.5700147547849,
440.1795559602092,
440.78934090032544,
441.3993476654798,
442.0095543291352,
442.61993894862735,
443.2304795659178,
443.84115420835315,
444.4519408894241,
445.0628176095279,
445.67376235673305,
446.2847531075455,
446.8957678276772,
447.5067844728179,
448.1177809894075,
448.7287353154119,
449.3396253811002,
449.95042910982465,
450.561124418802,
451.171689219898,
451.782101420412,
452.39233892386665,
453.00237963079735,
453.6122014395437,
454.221782247045,
454.8310999496349,
455.4401324438413,
456.04885762718527,
456.65725339898313,
457.26529766115164,
457.8729683190129,
458.4802432821025,
459.0871004649796,
459.6935177880381,
460.29947317832057,
460.9049445703323,
461.50990990686057,
462.1143471397909,
462.7182342309293,
463.32154915282376,
463.92426988958823,
464.5263744377288,
465.12784080696963,
465.72864702108313,
466.3287711187194,
466.92819115423856,
467.5268851985443,
468.1248313399183,
468.7220076848571,
469.3183923589097,
469.9139635075169,
470.50869929685166,
471.10257791466097,
471.6955775711094,
472.2876764996237,
472.87885295773685,
473.4690852279373,
474.05835161851553,
474.6466304644132,
475.2339001280743,
475.82013900029494,
