z = [
-1.5,
-1.494,
-1.488,
-1.482,
-1.476,
-1.47,
-1.464,
-1.458,
-1.452,
-1.446,
-1.44,
-1.434,
-1.428,
-1.422,
-1.416,
-1.41,
-1.404,
-1.398,
-1.392,
-1.386,
-1.38,
-1.374,
-1.368,
-1.362,
-1.356,
-1.35,
-1.344,
-1.338,
-1.332,
-1.326,
-1.32,
-1.314,
-1.308,
-1.302,
-1.296,
-1.29,
-1.284,
-1.278,
-1.272,
-1.266,
-1.26,
-1.254,
-1.248,
-1.242,
-1.236,
-1.23,
-1.224,
-1.218,
-1.212,
-1.206,
-1.2,
-1.194,
-1.188,
-1.182,
-1.176,
-1.17,
-1.164,
-1.158,
-1.152,
-1.146,
-1.14,
-1.134,
-1.128,
-1.122,
-1.116,
-1.11,
-1.104,
-1.098,
-1.092,
-1.086,
-1.08,
-1.074,
-1.068,
-1.062,
-1.056,
-1.05,
-1.044,
-1.038,
-1.032,
-1.026,
-1.02,
-1.014,
-1.008,
-1.002,
-0.996,
-0.99,
-0.984,
-0.978,
-0.972,
-0.966,
-0.96,
-0.954,
-0.948,
-0.942,
-0.936,
-0.93,
-0.924,
-0.918,
-0.912,
-0.906,
-0.9,
-0.894,
-0.888,
-0.882,
-0.876,
-0.87,
-0.864,
-0.858,
-0.852,
-0.846,
-0.84,
-0.834,
-0.828,
-0.822,
-0.816,
-0.81,
-0.804,
-0.798,
-0.792,
-0.786,
-0.78,
-0.774,
-0.768,
-0.762,
-0.756,
-0.75,
-0.744,
-0.738,
-0.732,
-0.726,
-0.72,
-0.714,
-0.708,
-0.702,
-0.696,
-0.69,
-0.684,
-0.678,
-0.672,
-0.666,
-0.66,
-0.654,
-0.648,
-0.642,
-0.636,
-0.63,
-0.624,
-0.618,
-0.612,
-0.606,
-0.6,
-0.594,
-0.588,
-0.582,
-0.576,
-0.57,
-0.564,
-0.558,
-0.552,
-0.546,
-0.54,
-0.534,
-0.528,
-0.522,
-0.516,
-0.51,
-0.504,
-0.498,
-0.492,
-0.486,
-0.48,
-0.474,
-0.468,
-0.462,
-0.456,
-0.45,
-0.444,
-0.438,
-0.432,
-0.426,
-0.42,
-0.414,
-0.408,
-0.402,
-0.396,
-0.39,
-0.384,
-0.378,
-0.372,
-0.366,
-0.36,
-0.354,
-0.348,
-0.342,
-0.336,
-0.33,
-0.324,
-0.318,
-0.312,
-0.306,
-0.3,
-0.294,
-0.288,
-0.282,
-0.276,
-0.27,
-0.264,
-0.258,
-0.252,
-0.246,
-0.24,
-0.234,
-0.228,
-0.222,
-0.216,
-0.21,
-0.204,
-0.198,
-0.192,
-0.186,
-0.18,
-0.174,
-0.168,
-0.162,
-0.156,
-0.15,
-0.144,
-0.138,
-0.132,
-0.126,
-0.12,
-0.114,
-0.108,
-0.102,
-0.096,
-0.09,
-0.084,
-0.078,
-0.072,
-0.066,
-0.06,
-0.054,
-0.048,
-0.042,
-0.036,
-0.03,
-0.024,
-0.018,
-0.012,
-0.006,
0.0,
0.006,
0.012,
0.018,
0.024,
0.03,
0.036,
0.042,
0.048,
0.054,
0.06,
0.066,
0.072,
0.078,
0.084,
0.09,
0.096,
0.102,
0.108,
0.114,
0.12,
0.126,
0.132,
0.138,
0.144,
0.15,
0.156,
0.162,
0.168,
0.174,
0.18,
0.186,
0.192,
0.198,
0.204,
0.21,
0.216,
0.222,
0.228,
0.234,
0.24,
0.246,
0.252,
0.258,
0.264,
0.27,
0.276,
0.282,
0.288,
0.294,
0.3,
0.306,
0.312,
0.318,
0.324,
0.33,
0.336,
0.342,
0.348,
0.354,
0.36,
0.366,
0.372,
0.378,
0.384,
0.39,
0.396,
0.402,
0.408,
0.414,
0.42,
0.426,
0.432,
0.438,
0.444,
0.45,
0.456,
0.462,
0.468,
0.474,
0.48,
0.486,
0.492,
0.498,
0.504,
0.51,
0.516,
0.522,
0.528,
0.534,
0.54,
0.546,
0.552,
0.558,
0.564,
0.57,
0.576,
0.582,
0.588,
0.594,
0.6,
0.606,
0.612,
0.618,
0.624,
0.63,
0.636,
0.642,
0.648,
0.654,
0.66,
0.666,
0.672,
0.678,
0.684,
0.69,
0.696,
0.702,
0.708,
0.714,
0.72,
0.726,
0.732,
0.738,
0.744,
0.75,
0.756,
0.762,
0.768,
0.774,
0.78,
0.786,
0.792,
0.798,
0.804,
0.81,
0.816,
0.822,
0.828,
0.834,
0.84,
0.846,
0.852,
0.858,
0.864,
0.87,
0.876,
0.882,
0.888,
0.894,
0.9,
0.906,
0.912,
0.918,
0.924,
0.93,
0.936,
0.942,
0.948,
0.954,
0.96,
0.966,
0.972,
0.978,
0.984,
0.99,
0.996,
1.002,
1.008,
1.014,
1.02,
1.026,
1.032,
1.038,
1.044,
1.05,
1.056,
1.062,
1.068,
1.074,
1.08,
1.086,
1.092,
1.098,
1.104,
1.11,
1.116,
1.122,
1.128,
1.134,
1.14,
1.146,
1.152,
1.158,
1.164,
1.17,
1.176,
1.182,
1.188,
1.194,
1.2,
1.206,
1.212,
1.218,
1.224,
1.23,
1.236,
1.242,
1.248,
1.254,
1.26,
1.266,
1.272,
1.278,
1.284,
1.29,
1.296,
1.302,
1.308,
1.314,
1.32,
1.326,
1.332,
1.338,
1.344,
1.35,
1.356,
1.362,
1.368,
1.374,
1.38,
1.386,
1.392,
1.398,
1.404,
1.41,
1.416,
1.422,
1.428,
1.434,
1.44,
1.446,
1.452,
1.458,
1.464,
1.47,
1.476,
1.482,
1.488,
1.494,
1.5,];
czc = [
355.0,
355.0313440997645,
355.0650872188389,
355.10122814927934,
355.1397655973045,
355.18069818334186,
355.2240244420774,
355.2697428225076,
355.31785168799536,
355.3683493163286,
355.4212338997813,
355.4765035451793,
355.5341562739668,
355.5941900222783,
355.6566026410119,
355.7213918959062,
355.78855546762054,
355.858090951818,
355.9299958592512,
356.00426761585175,
356.0809035628222,
356.15990095673124,
356.241256969612,
356.3249686890632,
356.41103311835343,
356.4994471765285,
356.59020769852145,
356.6833114352663,
356.77875505381405,
356.87653513745204,
356.9766481858263,
357.0790906150669,
357.18385875791614,
357.29094886385997,
357.400357099262,
357.51207954750123,
357.6261122091115,
357.7424510019255,
357.8610917612202,
357.9820302398665,
358.1052621084808,
358.23078295558025,
358.3585882877409,
358.48867352975776,
358.62103402480955,
358.7556650346246,
358.89256173965134,
359.0317192392297,
359.1731325517675,
359.31679661491853,
359.4627062857636,
359.6108563409946,
359.76124147710175,
359.91385631056323,
360.06869537803834,
360.2257531365623,
360.3850239637453,
360.5465021579737,
360.7101819386138,
360.8760574462192,
361.0441227427402,
361.2143718117368,
361.38679855859334,
361.5613968107376,
361.7381603178611,
361.9170827521432,
362.0981577084772,
362.2813787047003,
362.466739181825,
362.6542325042743,
362.84385196011897,
363.0355907613182,
363.2294420439621,
363.42539886851785,
363.623454220078,
363.82360100861126,
364.02583206921713,
364.2301401623812,
364.4365179742356,
364.64495811681957,
364.8554531283452,
365.0679954734634,
365.28257754353433,
365.4991916568998,
365.7178300591578,
365.93848492344046,
366.16114835069413,
366.3858123699622,
366.6124689386703,
366.8411099429144,
367.0717271977512,
367.30431244749116,
367.53885736599386,
367.77535355696637,
368.01379255426355,
368.2541658221912,
368.49646475581187,
368.74068068125246,
368.98680485601494,
369.2348284692895,
369.4847426422698,
369.73653842847057,
369.9902068140484,
370.2457387181239,
370.50312499310724,
370.76235642502513,
371.02342373385125,
371.2863175738378,
371.5510285338506,
371.8175471377058,
372.08586384450894,
372.35596904899694,
372.6278530818813,
372.90150621019484,
373.1769186376399,
373.45408050493904,
373.73298189018783,
374.01361280921014,
374.2959632159159,
374.58002300266014,
374.86578200060524,
375.1532299800848,
375.4423566509697,
375.733151663037,
376.0256046063398,
376.31970501158025,
376.6154423504844,
376.9128060361787,
377.2117854235697,
377.5123698097244,
377.81454843425354,
378.11831047969736,
378.423645071912,
378.73054128045953,
379.03898811899876,
379.34897454567874,
379.6604894635341,
379.9735217208819,
380.2880601117213,
380.60409337613476,
380.92161020069045,
381.24059921884816,
381.5610490113654,
381.88294810670686,
382.2062849814545,
382.5310480607204,
382.85722571856115,
383.1848062783938,
383.513778013414,
383.8441291470158,
384.1758478532133,
384.5089222570639,
384.8433404350933,
385.1790904157226,
385.5161601796967,
385.85453766051455,
386.19421074486104,
386.5351672730411,
386.8773950394143,
387.2208817928322,
387.56561523707694,
387.91158303130135,
388.25877279047063,
388.6071720858057,
388.9567684452286,
389.3075493538082,
389.65950225420875,
390.0126145471394,
390.36687359180473,
390.72226670635814,
391.0787811683549,
391.4364042152082,
391.79512304464595,
392.1549248151688,
392.51579664651024,
392.8777256200972,
393.24069877951297,
393.60470313096084,
393.96972564372925,
394.3357532506582,
394.70277284860697,
395.0707712989238,
395.439735427915,
395.80965202731807,
396.1805078547733,
396.5522896342983,
396.9249840567634,
397.29857778036774,
397.6730574311172,
398.04840960330307,
398.4246208599818,
398.80167773345624,
399.1795667257576,
399.5582743091286,
399.937786926508,
400.31809099201575,
400.6991728914394,
401.0810189827213,
401.4636155964471,
401.8469490363352,
402.2310055797268,
402.61577147807725,
403.00123295744845,
403.38737621900157,
403.774187439491,
404.1616527717599,
404.54975834523486,
404.9384902664233,
405.3278346194104,
405.71777746635723,
406.108304848,
406.49940278414965,
406.8910572741921,
407.2832542975898,
407.67597981438325,
408.06921976569424,
408.46296007422814,
408.85718664477884,
409.25188536473274,
409.6470421045743,
410.04264271839145,
410.4386730443822,
410.8351189053619,
411.2319661092704,
