z = [
-1.5,
-1.494,
-1.488,
-1.482,
-1.476,
-1.47,
-1.464,
-1.458,
-1.452,
-1.446,
-1.44,
-1.434,
-1.428,
-1.422,
-1.416,
-1.41,
-1.404,
-1.398,
-1.392,
-1.386,
-1.38,
-1.374,
-1.368,
-1.362,
-1.356,
-1.35,
-1.344,
-1.338,
-1.332,
-1.326,
-1.32,
-1.314,
-1.308,
-1.302,
-1.296,
-1.29,
-1.284,
-1.278,
-1.272,
-1.266,
-1.26,
-1.254,
-1.248,
-1.242,
-1.236,
-1.23,
-1.224,
-1.218,
-1.212,
-1.206,
-1.2,
-1.194,
-1.188,
-1.182,
-1.176,
-1.17,
-1.164,
-1.158,
-1.152,
-1.146,
-1.14,
-1.134,
-1.128,
-1.122,
-1.116,
-1.11,
-1.104,
-1.098,
-1.092,
-1.086,
-1.08,
-1.074,
-1.068,
-1.062,
-1.056,
-1.05,
-1.044,
-1.038,
-1.032,
-1.026,
-1.02,
-1.014,
-1.008,
-1.002,
-0.996,
-0.99,
-0.984,
-0.978,
-0.972,
-0.966,
-0.96,
-0.954,
-0.948,
-0.942,
-0.936,
-0.93,
-0.924,
-0.918,
-0.912,
-0.906,
-0.9,
-0.894,
-0.888,
-0.882,
-0.876,
-0.87,
-0.864,
-0.858,
-0.852,
-0.846,
-0.84,
-0.834,
-0.828,
-0.822,
-0.816,
-0.81,
-0.804,
-0.798,
-0.792,
-0.786,
-0.78,
-0.774,
-0.768,
-0.762,
-0.756,
-0.75,
-0.744,
-0.738,
-0.732,
-0.726,
-0.72,
-0.714,
-0.708,
-0.702,
-0.696,
-0.69,
-0.684,
-0.678,
-0.672,
-0.666,
-0.66,
-0.654,
-0.648,
-0.642,
-0.636,
-0.63,
-0.624,
-0.618,
-0.612,
-0.606,
-0.6,
-0.594,
-0.588,
-0.582,
-0.576,
-0.57,
-0.564,
-0.558,
-0.552,
-0.546,
-0.54,
-0.534,
-0.528,
-0.522,
-0.516,
-0.51,
-0.504,
-0.498,
-0.492,
-0.486,
-0.48,
-0.474,
-0.468,
-0.462,
-0.456,
-0.45,
-0.444,
-0.438,
-0.432,
-0.426,
-0.42,
-0.414,
-0.408,
-0.402,
-0.396,
-0.39,
-0.384,
-0.378,
-0.372,
-0.366,
-0.36,
-0.354,
-0.348,
-0.342,
-0.336,
-0.33,
-0.324,
-0.318,
-0.312,
-0.306,
-0.3,
-0.294,
-0.288,
-0.282,
-0.276,
-0.27,
-0.264,
-0.258,
-0.252,
-0.246,
-0.24,
-0.234,
-0.228,
-0.222,
-0.216,
-0.21,
-0.204,
-0.198,
-0.192,
-0.186,
-0.18,
-0.174,
-0.168,
-0.162,
-0.156,
-0.15,
-0.144,
-0.138,
-0.132,
-0.126,
-0.12,
-0.114,
-0.108,
-0.102,
-0.096,
-0.09,
-0.084,
-0.078,
-0.072,
-0.066,
-0.06,
-0.054,
-0.048,
-0.042,
-0.036,
-0.03,
-0.024,
-0.018,
-0.012,
-0.006,
0.0,
0.006,
0.012,
0.018,
0.024,
0.03,
0.036,
0.042,
0.048,
0.054,
0.06,
0.066,
0.072,
0.078,
0.084,
0.09,
0.096,
0.102,
0.108,
0.114,
0.12,
0.126,
0.132,
0.138,
0.144,
0.15,
0.156,
0.162,
0.168,
0.174,
0.18,
0.186,
0.192,
0.198,
0.204,
0.21,
0.216,
0.222,
0.228,
0.234,
0.24,
0.246,
0.252,
0.258,
0.264,
0.27,
0.276,
0.282,
0.288,
0.294,
0.3,
0.306,
0.312,
0.318,
0.324,
0.33,
0.336,
0.342,
0.348,
0.354,
0.36,
0.366,
0.372,
0.378,
0.384,
0.39,
0.396,
0.402,
0.408,
0.414,
0.42,
0.426,
0.432,
0.438,
0.444,
0.45,
0.456,
0.462,
0.468,
0.474,
0.48,
0.486,
0.492,
0.498,
0.504,
0.51,
0.516,
0.522,
0.528,
0.534,
0.54,
0.546,
0.552,
0.558,
0.564,
0.57,
0.576,
0.582,
0.588,
0.594,
0.6,
0.606,
0.612,
0.618,
0.624,
0.63,
0.636,
0.642,
0.648,
0.654,
0.66,
0.666,
0.672,
0.678,
0.684,
0.69,
0.696,
0.702,
0.708,
0.714,
0.72,
0.726,
0.732,
0.738,
0.744,
0.75,
0.756,
0.762,
0.768,
0.774,
0.78,
0.786,
0.792,
0.798,
0.804,
0.81,
0.816,
0.822,
0.828,
0.834,
0.84,
0.846,
0.852,
0.858,
0.864,
0.87,
0.876,
0.882,
0.888,
0.894,
0.9,
0.906,
0.912,
0.918,
0.924,
0.93,
0.936,
0.942,
0.948,
0.954,
0.96,
0.966,
0.972,
0.978,
0.984,
0.99,
0.996,
1.002,
1.008,
1.014,
1.02,
1.026,
1.032,
1.038,
1.044,
1.05,
1.056,
1.062,
1.068,
1.074,
1.08,
1.086,
1.092,
1.098,
1.104,
1.11,
1.116,
1.122,
1.128,
1.134,
1.14,
1.146,
1.152,
1.158,
1.164,
1.17,
1.176,
1.182,
1.188,
1.194,
1.2,
1.206,
1.212,
1.218,
1.224,
1.23,
1.236,
1.242,
1.248,
1.254,
1.26,
1.266,
1.272,
1.278,
1.284,
1.29,
1.296,
1.302,
1.308,
1.314,
1.32,
1.326,
1.332,
1.338,
1.344,
1.35,
1.356,
1.362,
1.368,
1.374,
1.38,
1.386,
1.392,
1.398,
1.404,
1.41,
1.416,
1.422,
1.428,
1.434,
1.44,
1.446,
1.452,
1.458,
1.464,
1.47,
1.476,
1.482,
1.488,
1.494,
1.5,];
cze = [
355.0,
355.0188562086189,
355.03915563650173,
355.06089755696496,
355.0840811916861,
355.10870571073224,
355.13477023258906,
355.1622738241929,
355.19121550096384,
355.22159422684103,
355.25340891431983,
355.28665842449084,
355.32134156708025,
355.3574571004931,
355.3950037318572,
355.4339801170695,
355.47438486084445,
355.5162165167636,
355.55947358732794,
355.6041545240107,
355.6502577273135,
355.6977815468233,
355.7467242812713,
355.79708417859433,
355.84885943599727,
355.90204820001736,
355.95664856659107,
356.01265858112197,
356.07007623855054,
356.12889948342627,
356.18912620998117,
356.25075426220496,
356.3137814339224,
356.37820546887235,
356.44402406078837,
356.51123485348126,
356.5798354409237,
356.649823367336,
356.7211961272743,
356.79395116572005,
356.86808587817166,
356.9435976107376,
357.02048366023155,
357.09874127426895,
357.17836765136565,
357.25935994103827,
357.34171524390626,
357.4254306117955,
357.51050304784405,
357.59692950660906,
357.6847068941763,
357.77383206827085,
357.864301838369,
357.9561129658131,
358.0492621639273,
358.1437460981351,
358.2395613860791,
358.33670459774123,
358.4351722555666,
358.5349608345873,
358.6360667625489,
358.73848642003793,
358.842216140612,
358.9472522109305,
359.05359087088834,
359.16122831374946,
359.27016068628393,
359.38038408890566,
359.4918945758118,
359.6046881551242,
359.71876078903256,
359.8341083939382,
359.9507268406013,
360.0686119542876,
360.18775951491875,
360.30816525722287,
360.4298248708875,
360.55273400071394,
360.6768882467726,
360.80228316456135,
360.92891426516394,
361.05677701541117,
361.1858668380428,
361.31617911187163,
361.4477091719489,
361.5804523097312,
361.71440377324916,
361.84955876727736,
361.98591245350633,
362.1234599507154,
362.26219633494736,
362.40211663968546,
362.5432158560303,
362.6854889328796,
362.828930777109,
362.97353625375445,
363.1193001861956,
363.2662173563417,
363.4142825048182,
363.56349033115464,
363.713835493975,
363.86531261118853,
364.01791626018235,
364.17164097801606,
364.32648126161666,
364.48243156797616,
364.6394863143495,
364.7976398784548,
364.95688659867415,
365.117220774257,
365.27863666552355,
365.44112849407054,
365.6046904429779,
365.7693166570177,
365.9350012428624,
366.10173826929736,
366.269521767432,
366.43834573091397,
366.6082041161442,
366.779090842493,
366.95099979251813,
367.1239248121833,
367.2978597110789,
367.47279826264344,
367.6487342043862,
367.8256612381118,
368.00357303014573,
368.1824632115606,
368.3623253784044,
368.5431530919301,
368.72493987882535,
368.90767923144494,
369.0913646080436,
369.2759894330096,
369.4615470971013,
369.6480309576824,
369.8354343389609,
370.02375053222727,
370.2129727960953,
370.4030943567425,
370.5941084081537,
370.7860081123638,
370.97878659970297,
371.17243696904256,
371.36695228804206,
371.5623255933973,
371.7585498910896,
371.95561815663655,
372.1535233353429,
372.35225834255345,
372.5518160639067,
372.7521893555894,
372.95337104459225,
373.15535392896675,
373.35813077808325,
373.5616943328894,
373.7660373061701,
373.97115238280855,
374.177032220048,
374.38366944775464,
374.5910566686815,
374.79918645873295,
375.0080513672309,
375.21764391718114,
375.42795660554157,
375.6389819034898,
375.8507122566939,
376.06314008558184,
376.2762577856132,
376.4900577275515,
376.70453225773736,
376.91967369836186,
377.1354743477425,
377.3519264805976,
377.5690223483241,
377.786754179274,
378.00511417903317,
378.2240945307001,
378.4436873951655,
378.66388491139367,
378.88467919670313,
379.10606234704915,
379.3280264373069,
379.5505635215545,
379.7736656333584,
379.9973247860578,
380.2215329730508,
380.446282168081,
380.67156432552497,
380.8973713806803,
381.12369525005397,
381.350527831652,
381.57786100526937,
381.80568663278063,
382.0339965584318,
382.26278260913136,
382.4920365947437,
382.72175030838184,
382.9519155267012,
383.18252401019447,
383.4135675034861,
383.6450377356276,
383.87692642039474,
384.1092252565826,
384.34192592830414,
384.57502010528697,
384.8084994431723,
385.0423555838129,
385.2765801555727,
385.51116477362666,
385.74610104026056,
385.9813805451719,
386.21699486577074,
386.4529355674813,
386.68919420404404,
386.9257623178179,
387.16263144008303,
387.39979309134424,
387.63723878163376,
387.8749600108165,
388.11294826889275,
388.3511950363044,
388.58969178423854,
