z = [
-1.5,
-1.494,
-1.488,
-1.482,
-1.476,
-1.47,
-1.464,
-1.458,
-1.452,
-1.446,
-1.44,
-1.434,
-1.428,
-1.422,
-1.416,
-1.41,
-1.404,
-1.398,
-1.392,
-1.386,
-1.38,
-1.374,
-1.368,
-1.362,
-1.356,
-1.35,
-1.344,
-1.338,
-1.332,
-1.326,
-1.32,
-1.314,
-1.308,
-1.302,
-1.296,
-1.29,
-1.284,
-1.278,
-1.272,
-1.266,
-1.26,
-1.254,
-1.248,
-1.242,
-1.236,
-1.23,
-1.224,
-1.218,
-1.212,
-1.206,
-1.2,
-1.194,
-1.188,
-1.182,
-1.176,
-1.17,
-1.164,
-1.158,
-1.152,
-1.146,
-1.14,
-1.134,
-1.128,
-1.122,
-1.116,
-1.11,
-1.104,
-1.098,
-1.092,
-1.086,
-1.08,
-1.074,
-1.068,
-1.062,
-1.056,
-1.05,
-1.044,
-1.038,
-1.032,
-1.026,
-1.02,
-1.014,
-1.008,
-1.002,
-0.996,
-0.99,
-0.984,
-0.978,
-0.972,
-0.966,
-0.96,
-0.954,
-0.948,
-0.942,
-0.936,
-0.93,
-0.924,
-0.918,
-0.912,
-0.906,
-0.9,
-0.894,
-0.888,
-0.882,
-0.876,
-0.87,
-0.864,
-0.858,
-0.852,
-0.846,
-0.84,
-0.834,
-0.828,
-0.822,
-0.816,
-0.81,
-0.804,
-0.798,
-0.792,
-0.786,
-0.78,
-0.774,
-0.768,
-0.762,
-0.756,
-0.75,
-0.744,
-0.738,
-0.732,
-0.726,
-0.72,
-0.714,
-0.708,
-0.702,
-0.696,
-0.69,
-0.684,
-0.678,
-0.672,
-0.666,
-0.66,
-0.654,
-0.648,
-0.642,
-0.636,
-0.63,
-0.624,
-0.618,
-0.612,
-0.606,
-0.6,
-0.594,
-0.588,
-0.582,
-0.576,
-0.57,
-0.564,
-0.558,
-0.552,
-0.546,
-0.54,
-0.534,
-0.528,
-0.522,
-0.516,
-0.51,
-0.504,
-0.498,
-0.492,
-0.486,
-0.48,
-0.474,
-0.468,
-0.462,
-0.456,
-0.45,
-0.444,
-0.438,
-0.432,
-0.426,
-0.42,
-0.414,
-0.408,
-0.402,
-0.396,
-0.39,
-0.384,
-0.378,
-0.372,
-0.366,
-0.36,
-0.354,
-0.348,
-0.342,
-0.336,
-0.33,
-0.324,
-0.318,
-0.312,
-0.306,
-0.3,
-0.294,
-0.288,
-0.282,
-0.276,
-0.27,
-0.264,
-0.258,
-0.252,
-0.246,
-0.24,
-0.234,
-0.228,
-0.222,
-0.216,
-0.21,
-0.204,
-0.198,
-0.192,
-0.186,
-0.18,
-0.174,
-0.168,
-0.162,
-0.156,
-0.15,
-0.144,
-0.138,
-0.132,
-0.126,
-0.12,
-0.114,
-0.108,
-0.102,
-0.096,
-0.09,
-0.084,
-0.078,
-0.072,
-0.066,
-0.06,
-0.054,
-0.048,
-0.042,
-0.036,
-0.03,
-0.024,
-0.018,
-0.012,
-0.006,
0.0,
0.006,
0.012,
0.018,
0.024,
0.03,
0.036,
0.042,
0.048,
0.054,
0.06,
0.066,
0.072,
0.078,
0.084,
0.09,
0.096,
0.102,
0.108,
0.114,
0.12,
0.126,
0.132,
0.138,
0.144,
0.15,
0.156,
0.162,
0.168,
0.174,
0.18,
0.186,
0.192,
0.198,
0.204,
0.21,
0.216,
0.222,
0.228,
0.234,
0.24,
0.246,
0.252,
0.258,
0.264,
0.27,
0.276,
0.282,
0.288,
0.294,
0.3,
0.306,
0.312,
0.318,
0.324,
0.33,
0.336,
0.342,
0.348,
0.354,
0.36,
0.366,
0.372,
0.378,
0.384,
0.39,
0.396,
0.402,
0.408,
0.414,
0.42,
0.426,
0.432,
0.438,
0.444,
0.45,
0.456,
0.462,
0.468,
0.474,
0.48,
0.486,
0.492,
0.498,
0.504,
0.51,
0.516,
0.522,
0.528,
0.534,
0.54,
0.546,
0.552,
0.558,
0.564,
0.57,
0.576,
0.582,
0.588,
0.594,
0.6,
0.606,
0.612,
0.618,
0.624,
0.63,
0.636,
0.642,
0.648,
0.654,
0.66,
0.666,
0.672,
0.678,
0.684,
0.69,
0.696,
0.702,
0.708,
0.714,
0.72,
0.726,
0.732,
0.738,
0.744,
0.75,
0.756,
0.762,
0.768,
0.774,
0.78,
0.786,
0.792,
0.798,
0.804,
0.81,
0.816,
0.822,
0.828,
0.834,
0.84,
0.846,
0.852,
0.858,
0.864,
0.87,
0.876,
0.882,
0.888,
0.894,
0.9,
0.906,
0.912,
0.918,
0.924,
0.93,
0.936,
0.942,
0.948,
0.954,
0.96,
0.966,
0.972,
0.978,
0.984,
0.99,
0.996,
1.002,
1.008,
1.014,
1.02,
1.026,
1.032,
1.038,
1.044,
1.05,
1.056,
1.062,
1.068,
1.074,
1.08,
1.086,
1.092,
1.098,
1.104,
1.11,
1.116,
1.122,
1.128,
1.134,
1.14,
1.146,
1.152,
1.158,
1.164,
1.17,
1.176,
1.182,
1.188,
1.194,
1.2,
1.206,
1.212,
1.218,
1.224,
1.23,
1.236,
1.242,
1.248,
1.254,
1.26,
1.266,
1.272,
1.278,
1.284,
1.29,
1.296,
1.302,
1.308,
1.314,
1.32,
1.326,
1.332,
1.338,
1.344,
1.35,
1.356,
1.362,
1.368,
1.374,
1.38,
1.386,
1.392,
1.398,
1.404,
1.41,
1.416,
1.422,
1.428,
1.434,
1.44,
1.446,
1.452,
1.458,
1.464,
1.47,
1.476,
1.482,
1.488,
1.494,
1.5,];
fit = [
369.48715557547223,
372.00986970057284,
373.2924086185644,
374.581517983254,
375.87203083833117,
377.1639266941496,
378.4571594843728,
379.75168336933154,
381.04745260095217,
382.3444215243384,
383.6425445785652,
384.9417762974548,
386.2420713103347,
387.5433843427712,
388.84567021728776,
390.14888385405766,
391.45298027158265,
392.7579145873491,
394.06364201846577,
395.3701178822838,
396.67729759699785,
397.98513668222984,
399.29359075959485,
400.6026155532479,
401.9121668904188,
403.22220070192384,
404.53267302266613,
405.84353999211794,
407.15475785478657,
408.4662829606665,
409.7780717656758,
411.090080832077,
412.40226682888397,
413.7145865322551,
415.02699682587195,
416.3394547013037,
417.6519172583601,
418.96434170542966,
420.276685359805,
421.5889056479981,
422.9009601060395,
424.2128063797701,
425.524402225117,
426.8357055083611,
428.14667420639194,
429.4572664069533,
430.7674403088762,
432.0771542223031,
433.38636656890196,
434.69503588207056,
436.0031208071306,
437.31058010151344,
438.6173726349359,
439.9234573895699,
441.22879346019954,
442.53334005437375,
443.837056492549,
445.13990220822404,
446.44183674806914,
447.74281977204623,
449.0428110535223,
450.3417704793768,
451.63965805010173,
452.93643387989687,
454.2320581967557,
455.5264913425498,
456.8196937731037,
458.11162605826735,
459.4022488819811,
460.69152304233626,
461.97940945163305,
463.26586913643007,
464.5508632375926,
465.8343530103356,
467.1162998242622,
468.3966651633997,
469.67541062623036,
470.9524979257209,
472.22788888934645,
473.50154545911346,
474.7734296915786,
476.0435037578659,
477.3117299436801,
478.57807064931956,
479.8424883896856,
481.1049457942901,
482.3654056072627,
483.6238306873539,
484.88018400793965,
486.1344286570221,
487.3865278372308,
488.636444865823,
489.88414317468175,
491.1295863103155,
492.37273793385475,
493.61356182105055,
494.85202186227184,
496.08808206250274,
497.3217065413397,
498.5528595329903,
499.78150538627017,
501.00760856460226,
502.23113364601636,
503.4520453231494,
504.67030840324503,
505.88588780815815,
507.0987485743557,
508.308855852923,
509.5161749095686,
510.72067112463264,
511.9223099930957,
513.1210571245891,
514.3168782434085,
515.5097391885288,
516.6996059136203,
517.8864444870682,
519.070221091994,
520.2509020262795,
521.4284537025925,
522.6028426484166,
523.7740355060823,
524.9419990328014,
526.1067001007049,
527.2681056968821,
528.4261829234258,
529.5808989974777,
530.7322212512778,
531.8801171322187,
533.0245542029015,
534.165500141196,
535.3029227403043,
536.4367899088278,
537.5670696708384,
538.6937301659533,
539.8167396494136,
540.9360664921672,
542.051679180954,
543.1635463183984,
544.2716366231025,
545.375918929746,
546.4763621891886,
547.5729354685781,
548.665607951462,
549.7543489379035,
550.8391278446022,
551.9199142050203,
552.9966776695109,
554.0693880054533,
555.138015097392,
556.2025289471807,
557.2628996741302,
558.3190975151617,
559.3710928249667,
560.4188560761667,
561.4623578594851,
562.5015688839172,
563.5364599769086,
564.5670020845392,
565.5931662717103,
566.614923722337,
567.6322457395479,
568.6451037458866,
569.6534692835212,
570.6573140144576,
571.6566097207577,
572.6513283047635,
573.6414417893275,
574.6269223180442,
575.6077421554936,
576.5838736874829,
577.5552894212983,
578.5219619859603,
579.483864132484,
580.4409687341462,
581.3932487867563,
582.340677408933,
583.2832278423866,
584.2208734522067,
585.1535877271543,
586.0813442799612,
587.0041168476323,
587.9218792917549,
588.834605598813,
589.7422698805063,
590.6448463740754,
591.5423094426322,
592.4346335754943,
593.3217933885263,
594.2037636244858,
595.0805191533747,
595.9520349727953,
596.8182862083117,
597.6792481138181,
598.5348960719089,
599.3852055942575,
600.2301523219982,
601.0697120261133,
601.9038606078269,
602.7325740990005,
603.555828662539,
604.373600592795,
605.1858663159838,
605.9926023906004,
606.7937855078421,
607.5893924920373,
608.3794003010751,
609.163786026846,
609.9425268956811,
610.7156002688013,
611.4829836427665,
612.2446546499338,
613.0005910589169,
613.7507707750527,
614.4951718408705,
615.2337724365665,
615.9665508804829,
616.693485629592,
617.4145552799829,
618.1297385673532,
618.839014367507,
619.5423616968538,
620.2397597129142,
620.9311877148278,
621.6166251438668,
622.2960515839528,
622.9694467621769,
