z = [
-1.5,
-1.494,
-1.488,
-1.482,
-1.476,
-1.47,
-1.464,
-1.458,
-1.452,
-1.446,
-1.44,
-1.434,
-1.428,
-1.422,
-1.416,
-1.41,
-1.404,
-1.398,
-1.392,
-1.386,
-1.38,
-1.374,
-1.368,
-1.362,
-1.356,
-1.35,
-1.344,
-1.338,
-1.332,
-1.326,
-1.32,
-1.314,
-1.308,
-1.302,
-1.296,
-1.29,
-1.284,
-1.278,
-1.272,
-1.266,
-1.26,
-1.254,
-1.248,
-1.242,
-1.236,
-1.23,
-1.224,
-1.218,
-1.212,
-1.206,
-1.2,
-1.194,
-1.188,
-1.182,
-1.176,
-1.17,
-1.164,
-1.158,
-1.152,
-1.146,
-1.14,
-1.134,
-1.128,
-1.122,
-1.116,
-1.11,
-1.104,
-1.098,
-1.092,
-1.086,
-1.08,
-1.074,
-1.068,
-1.062,
-1.056,
-1.05,
-1.044,
-1.038,
-1.032,
-1.026,
-1.02,
-1.014,
-1.008,
-1.002,
-0.996,
-0.99,
-0.984,
-0.978,
-0.972,
-0.966,
-0.96,
-0.954,
-0.948,
-0.942,
-0.936,
-0.93,
-0.924,
-0.918,
-0.912,
-0.906,
-0.9,
-0.894,
-0.888,
-0.882,
-0.876,
-0.87,
-0.864,
-0.858,
-0.852,
-0.846,
-0.84,
-0.834,
-0.828,
-0.822,
-0.816,
-0.81,
-0.804,
-0.798,
-0.792,
-0.786,
-0.78,
-0.774,
-0.768,
-0.762,
-0.756,
-0.75,
-0.744,
-0.738,
-0.732,
-0.726,
-0.72,
-0.714,
-0.708,
-0.702,
-0.696,
-0.69,
-0.684,
-0.678,
-0.672,
-0.666,
-0.66,
-0.654,
-0.648,
-0.642,
-0.636,
-0.63,
-0.624,
-0.618,
-0.612,
-0.606,
-0.6,
-0.594,
-0.588,
-0.582,
-0.576,
-0.57,
-0.564,
-0.558,
-0.552,
-0.546,
-0.54,
-0.534,
-0.528,
-0.522,
-0.516,
-0.51,
-0.504,
-0.498,
-0.492,
-0.486,
-0.48,
-0.474,
-0.468,
-0.462,
-0.456,
-0.45,
-0.444,
-0.438,
-0.432,
-0.426,
-0.42,
-0.414,
-0.408,
-0.402,
-0.396,
-0.39,
-0.384,
-0.378,
-0.372,
-0.366,
-0.36,
-0.354,
-0.348,
-0.342,
-0.336,
-0.33,
-0.324,
-0.318,
-0.312,
-0.306,
-0.3,
-0.294,
-0.288,
-0.282,
-0.276,
-0.27,
-0.264,
-0.258,
-0.252,
-0.246,
-0.24,
-0.234,
-0.228,
-0.222,
-0.216,
-0.21,
-0.204,
-0.198,
-0.192,
-0.186,
-0.18,
-0.174,
-0.168,
-0.162,
-0.156,
-0.15,
-0.144,
-0.138,
-0.132,
-0.126,
-0.12,
-0.114,
-0.108,
-0.102,
-0.096,
-0.09,
-0.084,
-0.078,
-0.072,
-0.066,
-0.06,
-0.054,
-0.048,
-0.042,
-0.036,
-0.03,
-0.024,
-0.018,
-0.012,
-0.006,
0.0,
0.006,
0.012,
0.018,
0.024,
0.03,
0.036,
0.042,
0.048,
0.054,
0.06,
0.066,
0.072,
0.078,
0.084,
0.09,
0.096,
0.102,
0.108,
0.114,
0.12,
0.126,
0.132,
0.138,
0.144,
0.15,
0.156,
0.162,
0.168,
0.174,
0.18,
0.186,
0.192,
0.198,
0.204,
0.21,
0.216,
0.222,
0.228,
0.234,
0.24,
0.246,
0.252,
0.258,
0.264,
0.27,
0.276,
0.282,
0.288,
0.294,
0.3,
0.306,
0.312,
0.318,
0.324,
0.33,
0.336,
0.342,
0.348,
0.354,
0.36,
0.366,
0.372,
0.378,
0.384,
0.39,
0.396,
0.402,
0.408,
0.414,
0.42,
0.426,
0.432,
0.438,
0.444,
0.45,
0.456,
0.462,
0.468,
0.474,
0.48,
0.486,
0.492,
0.498,
0.504,
0.51,
0.516,
0.522,
0.528,
0.534,
0.54,
0.546,
0.552,
0.558,
0.564,
0.57,
0.576,
0.582,
0.588,
0.594,
0.6,
0.606,
0.612,
0.618,
0.624,
0.63,
0.636,
0.642,
0.648,
0.654,
0.66,
0.666,
0.672,
0.678,
0.684,
0.69,
0.696,
0.702,
0.708,
0.714,
0.72,
0.726,
0.732,
0.738,
0.744,
0.75,
0.756,
0.762,
0.768,
0.774,
0.78,
0.786,
0.792,
0.798,
0.804,
0.81,
0.816,
0.822,
0.828,
0.834,
0.84,
0.846,
0.852,
0.858,
0.864,
0.87,
0.876,
0.882,
0.888,
0.894,
0.9,
0.906,
0.912,
0.918,
0.924,
0.93,
0.936,
0.942,
0.948,
0.954,
0.96,
0.966,
0.972,
0.978,
0.984,
0.99,
0.996,
1.002,
1.008,
1.014,
1.02,
1.026,
1.032,
1.038,
1.044,
1.05,
1.056,
1.062,
1.068,
1.074,
1.08,
1.086,
1.092,
1.098,
1.104,
1.11,
1.116,
1.122,
1.128,
1.134,
1.14,
1.146,
1.152,
1.158,
1.164,
1.17,
1.176,
1.182,
1.188,
1.194,
1.2,
1.206,
1.212,
1.218,
1.224,
1.23,
1.236,
1.242,
1.248,
1.254,
1.26,
1.266,
1.272,
1.278,
1.284,
1.29,
1.296,
1.302,
1.308,
1.314,
1.32,
1.326,
1.332,
1.338,
1.344,
1.35,
1.356,
1.362,
1.368,
1.374,
1.38,
1.386,
1.392,
1.398,
1.404,
1.41,
1.416,
1.422,
1.428,
1.434,
1.44,
1.446,
1.452,
1.458,
1.464,
1.47,
1.476,
1.482,
1.488,
1.494,
1.5,];
git = [
359.579510400136,
359.82723160536204,
360.2256128235425,
360.6271405060502,
361.0317467641082,
361.4394180078564,
361.850140557333,
362.2639006216309,
362.68068429929053,
363.10047757870655,
363.5232663385376,
363.94903634811817,
364.3777732678759,
364.80946264974943,
365.24408993761267,
365.6816404676989,
366.1220994690309,
366.56545206385294,
367.0116832680658,
367.46077799166574,
367.9127210391862,
368.3674971101426,
368.8250907994809,
369.28548659802743,
369.7486688929455,
370.2146219681907,
370.68333000497273,
371.15477708221886,
371.6289471770401,
372.10582416520185,
372.58539182159643,
373.0676338207194,
373.5525337371479,
374.0400750460234,
374.5302411235368,
375.0230152474164,
375.5183805974192,
376.01632025582535,
376.51681720793465,
377.0198543425681,
377.52541445256986,
378.03348023531476,
378.54403429321655,
379.0570591342407,
379.5725371724195,
380.0904507283707,
380.6107820298182,
381.13351321211655,
381.6586263187779,
382.18610330200283,
382.7159260232129,
383.24807625358665,
383.78253567459865,
384.3192858785626,
384.858308369175,
385.39958456206375,
385.9430957853392,
386.48882328014736,
387.0367482012275,
387.586851617472,
388.1391145124884,
388.6935177851657,
389.2500422502428,
389.80866863888116,
390.3693775992375,
390.9321496970433,
391.49696541618425,
392.06380515928447,
392.63264924829275,
393.20347792507164,
393.7762713519911,
394.35100961252283,
394.92767271183914,
395.5062405774148,
396.0866930596309,
396.66900993238255,
397.25317089368934,
397.8391555663088,
398.4269434983529,
399.01651416390746,
399.60784696365454,
400.2009212254984,
400.79571620519357,
401.39221108697643,
401.99038498420043,
402.59021693997306,
403.19168592779715,
403.794770852214,
404.399450549451,
405.00570378807083,
405.6135092696246,
406.2228456293086,
406.8336914366223,
407.4460251960314,
408.059825347633,
408.67507026782346,
409.2917382699709,
409.9098076050891,
410.5292564625154,
411.15006297059176,
411.77220519734897,
412.39566115119305,
413.0204087815961,
413.64642597979025,
414.27369057946294,
414.9021803574583,
415.5318730344784,
416.1627462757907,
416.7947776919367,
417.42794483944454,
418.06222522154496,
418.6975962888894,
419.3340354402725,
419.97152002335804,
420.61002733540647,
421.2495346240065,
421.89001908781086,
422.53145787727397,
423.1738280953931,
423.8171067984533,
424.4612709967754,
425.1062976554665,
425.752163695175,
426.3988459928471,
427.04632138248917,
427.69456665593054,
428.3435585635915,
428.99327381525325,
429.6436890808326,
430.29478099115875,
430.9465261387535,
431.598901078615,
432.2518823290046,
432.9054463722374,
433.5595696554751,
434.2142285915238,
434.86939955963226,
435.525058906297,
436.1811829460677,
436.8377479623574,
437.4947302082553,
438.1521059073433,
438.8098512545158,
439.467942416802,
440.12635553419193,
440.7850667204667,
441.44405206402996,
442.1032876287444,
442.7627494547703,
443.4224135594085,
444.0822559379451,
444.7422525645003,
445.40237939288136,
446.06261235743546,
446.7229273739107,
447.3833003403156,
448.04370713778405,
448.70412363144374,
449.36452567128697,
450.02488909304395,
450.6851897190611,
451.3454033591804,
452.0055058116235,
452.6654728638781,
453.3252802935872,
453.9849038694415,
454.64431935207665,
455.3035024949694,
455.962429045342,
456.6210747450648,
457.27941533156513,
457.93742653873755,
458.595084097857,
459.25236373849623,
459.90924118944474,
460.5656921796302,
461.221692439045,
461.8772176996731,
462.5322436964211,
463.1867461680521,
463.8407008581212,
464.494083515915,
465.1468698973937,
465.799035766134,
466.4505568942777,
467.1014090634808,
467.75156806586506,
468.4010097049736,
469.0497097967276,
469.69764417038675,
470.3447886695109,
470.9911191529243,
471.6366114956842,
472.2812415900486,
472.9249853464489,
473.56781869446365,
474.2097175837946,
474.850657985246,
475.4906158917033,
476.1295673191188,
476.7674883074934,
477.4043549218658,
478.0401432532999,
478.6748294198766,
479.30838956768616,
479.94079987182215,
480.5720365373793,
481.20207580044996,
481.83089392912586,
482.458467224498,
483.0847720216609,
483.70978469071713,
484.3334816377834,
484.9558393059988,
485.57683417653334,
486.196442769599,
486.81464164546173,
487.43140740545437,
488.04671669299034,
488.6605461945802,
489.2728726408476,
489.8836728075469,
490.49292351658175,
491.1006016370243,
