
DETflux = [
    1    1    1    1    1    1    1    1    1    1  3.98976E+13 0.00763 
    2    1    1    1    2    1    1    1    1    1  2.51439E+14 0.00344 
    3    1    1    1    3    1    1    1    1    1  9.48138E+14 0.00200 
    4    1    1    1    4    1    1    1    1    1  2.17984E+15 0.00140 
    5    1    1    1    5    1    1    1    1    1  3.05242E+15 0.00122 
    6    1    1    1    6    1    1    1    1    1  2.66459E+15 0.00134 
    7    1    1    1    7    1    1    1    1    1  1.44031E+15 0.00181 
    8    1    1    1    8    1    1    1    1    1  4.69465E+14 0.00274 
    9    1    1    1    9    1    1    1    1    1  9.76370E+13 0.00522 
   10    1    1    1   10    1    1    1    1    1  7.25332E+13 0.00562 
   11    1    1    1   11    1    1    1    1    1  4.76999E+14 0.00234 
   12    1    1    1   12    1    1    1    1    1  1.76816E+15 0.00133 
   13    1    1    1   13    1    1    1    1    1  3.74354E+15 0.00090 
   14    1    1    1   14    1    1    1    1    1  4.92341E+15 0.00081 
   15    1    1    1   15    1    1    1    1    1  4.42135E+15 0.00079 
   16    1    1    1   16    1    1    1    1    1  2.60790E+15 0.00114 
   17    1    1    1   17    1    1    1    1    1  8.85449E+14 0.00190 
   18    1    1    1   18    1    1    1    1    1  1.76202E+14 0.00386 
   19    1    1    1   19    1    1    1    1    1  8.67902E+13 0.00479 
   20    1    1    1   20    1    1    1    1    1  5.72753E+14 0.00204 
   21    1    1    1   21    1    1    1    1    1  2.05723E+15 0.00116 
   22    1    1    1   22    1    1    1    1    1  4.03129E+15 0.00076 
   23    1    1    1   23    1    1    1    1    1  5.04058E+15 0.00064 
   24    1    1    1   24    1    1    1    1    1  4.63110E+15 0.00072 
   25    1    1    1   25    1    1    1    1    1  2.92961E+15 0.00106 
   26    1    1    1   26    1    1    1    1    1  1.05619E+15 0.00177 
   27    1    1    1   27    1    1    1    1    1  2.10444E+14 0.00347 
   28    1    1    1   28    1    1    1    1    1  8.30846E+13 0.00489 
   29    1    1    1   29    1    1    1    1    1  5.42201E+14 0.00209 
   30    1    1    1   30    1    1    1    1    1  1.88501E+15 0.00116 
   31    1    1    1   31    1    1    1    1    1  3.49311E+15 0.00083 
   32    1    1    1   32    1    1    1    1    1  4.22923E+15 0.00073 
   33    1    1    1   33    1    1    1    1    1  3.93621E+15 0.00070 
   34    1    1    1   34    1    1    1    1    1  2.62075E+15 0.00102 
   35    1    1    1   35    1    1    1    1    1  9.88487E+14 0.00166 
   36    1    1    1   36    1    1    1    1    1  2.01047E+14 0.00321 
   37    1    1    1   37    1    1    1    1    1  6.57062E+13 0.00509 
   38    1    1    1   38    1    1    1    1    1  4.23297E+14 0.00231 
   39    1    1    1   39    1    1    1    1    1  1.44381E+15 0.00136 
   40    1    1    1   40    1    1    1    1    1  2.65656E+15 0.00096 
   41    1    1    1   41    1    1    1    1    1  3.21650E+15 0.00086 
   42    1    1    1   42    1    1    1    1    1  2.99006E+15 0.00080 
   43    1    1    1   43    1    1    1    1    1  2.00280E+15 0.00111 
   44    1    1    1   44    1    1    1    1    1  7.67186E+14 0.00173 
   45    1    1    1   45    1    1    1    1    1  1.59209E+14 0.00354 
   46    1    1    1   46    1    1    1    1    1  4.53896E+13 0.00560 
   47    1    1    1   47    1    1    1    1    1  2.79684E+14 0.00257 
   48    1    1    1   48    1    1    1    1    1  9.43142E+14 0.00160 
   49    1    1    1   49    1    1    1    1    1  1.81743E+15 0.00115 
   50    1    1    1   50    1    1    1    1    1  2.29136E+15 0.00103 
   51    1    1    1   51    1    1    1    1    1  2.09686E+15 0.00097 
   52    1    1    1   52    1    1    1    1    1  1.33211E+15 0.00129 
   53    1    1    1   53    1    1    1    1    1  5.01940E+14 0.00205 
   54    1    1    1   54    1    1    1    1    1  1.08663E+14 0.00419 
   55    1    1    1   55    1    1    1    1    1  2.85072E+13 0.00719 
   56    1    1    1   56    1    1    1    1    1  1.68808E+14 0.00323 
   57    1    1    1   57    1    1    1    1    1  5.65168E+14 0.00194 
   58    1    1    1   58    1    1    1    1    1  1.13850E+15 0.00139 
   59    1    1    1   59    1    1    1    1    1  1.47958E+15 0.00117 
   60    1    1    1   60    1    1    1    1    1  1.33460E+15 0.00121 
   61    1    1    1   61    1    1    1    1    1  8.10737E+14 0.00156 
   62    1    1    1   62    1    1    1    1    1  2.99806E+14 0.00255 
   63    1    1    1   63    1    1    1    1    1  6.80154E+13 0.00491 
   64    1    1    1   64    1    1    1    1    1  1.69453E+13 0.00882 
   65    1    1    1   65    1    1    1    1    1  9.62537E+13 0.00410 
   66    1    1    1   66    1    1    1    1    1  3.16636E+14 0.00232 
   67    1    1    1   67    1    1    1    1    1  6.46055E+14 0.00171 
   68    1    1    1   68    1    1    1    1    1  8.55548E+14 0.00149 
   69    1    1    1   69    1    1    1    1    1  7.67196E+14 0.00149 
   70    1    1    1   70    1    1    1    1    1  4.57331E+14 0.00199 
   71    1    1    1   71    1    1    1    1    1  1.69718E+14 0.00315 
   72    1    1    1   72    1    1    1    1    1  4.04730E+13 0.00574 
   73    1    1    1   73    1    1    1    1    1  9.98030E+12 0.01077 
   74    1    1    1   74    1    1    1    1    1  5.29880E+13 0.00496 
   75    1    1    1   75    1    1    1    1    1  1.70577E+14 0.00289 
   76    1    1    1   76    1    1    1    1    1  3.48924E+14 0.00214 
   77    1    1    1   77    1    1    1    1    1  4.65303E+14 0.00193 
   78    1    1    1   78    1    1    1    1    1  4.15223E+14 0.00200 
   79    1    1    1   79    1    1    1    1    1  2.45532E+14 0.00262 
   80    1    1    1   80    1    1    1    1    1  9.26019E+13 0.00400 
   81    1    1    1   81    1    1    1    1    1  2.35798E+13 0.00734 
   82    1    1    1   82    1    1    1    1    1  5.63793E+12 0.01386 
   83    1    1    1   83    1    1    1    1    1  2.87110E+13 0.00671 
   84    1    1    1   84    1    1    1    1    1  9.01152E+13 0.00368 
   85    1    1    1   85    1    1    1    1    1  1.83089E+14 0.00278 
   86    1    1    1   86    1    1    1    1    1  2.45342E+14 0.00239 
   87    1    1    1   87    1    1    1    1    1  2.18327E+14 0.00260 
   88    1    1    1   88    1    1    1    1    1  1.28565E+14 0.00320 
   89    1    1    1   89    1    1    1    1    1  4.95192E+13 0.00511 
   90    1    1    1   90    1    1    1    1    1  1.36237E+13 0.00916 
   91    1    1    1   91    1    1    1    1    1  3.13785E+12 0.01858 
   92    1    1    1   92    1    1    1    1    1  1.53418E+13 0.00850 
   93    1    1    1   93    1    1    1    1    1  4.70551E+13 0.00498 
   94    1    1    1   94    1    1    1    1    1  9.44233E+13 0.00367 
   95    1    1    1   95    1    1    1    1    1  1.26843E+14 0.00316 
   96    1    1    1   96    1    1    1    1    1  1.13080E+14 0.00349 
   97    1    1    1   97    1    1    1    1    1  6.69350E+13 0.00419 
   98    1    1    1   98    1    1    1    1    1  2.62389E+13 0.00682 
   99    1    1    1   99    1    1    1    1    1  7.95209E+12 0.01111 
  100    1    1    1  100    1    1    1    1    1  1.80843E+12 0.02462 
  101    1    1    1  101    1    1    1    1    1  8.47254E+12 0.01160 
  102    1    1    1  102    1    1    1    1    1  2.50253E+13 0.00679 
  103    1    1    1  103    1    1    1    1    1  4.91365E+13 0.00478 
  104    1    1    1  104    1    1    1    1    1  6.54766E+13 0.00417 
  105    1    1    1  105    1    1    1    1    1  5.85330E+13 0.00443 
  106    1    1    1  106    1    1    1    1    1  3.50501E+13 0.00571 
  107    1    1    1  107    1    1    1    1    1  1.42043E+13 0.00894 
  108    1    1    1  108    1    1    1    1    1  4.79564E+12 0.01372 
];

