
DETflux = [
    1    1    1    1    1    1    1    1    1    1  3.36013E+13 0.00864 
    2    1    1    1    2    1    1    1    1    1  2.12379E+14 0.00394 
    3    1    1    1    3    1    1    1    1    1  8.05128E+14 0.00220 
    4    1    1    1    4    1    1    1    1    1  1.86465E+15 0.00154 
    5    1    1    1    5    1    1    1    1    1  2.63209E+15 0.00141 
    6    1    1    1    6    1    1    1    1    1  2.29441E+15 0.00145 
    7    1    1    1    7    1    1    1    1    1  1.22675E+15 0.00182 
    8    1    1    1    8    1    1    1    1    1  3.96504E+14 0.00293 
    9    1    1    1    9    1    1    1    1    1  8.29526E+13 0.00590 
   10    1    1    1   10    1    1    1    1    1  6.44933E+13 0.00589 
   11    1    1    1   11    1    1    1    1    1  4.34182E+14 0.00266 
   12    1    1    1   12    1    1    1    1    1  1.66750E+15 0.00142 
   13    1    1    1   13    1    1    1    1    1  3.66269E+15 0.00095 
   14    1    1    1   14    1    1    1    1    1  4.92231E+15 0.00082 
   15    1    1    1   15    1    1    1    1    1  4.36790E+15 0.00085 
   16    1    1    1   16    1    1    1    1    1  2.47899E+15 0.00115 
   17    1    1    1   17    1    1    1    1    1  8.15160E+14 0.00189 
   18    1    1    1   18    1    1    1    1    1  1.58288E+14 0.00383 
   19    1    1    1   19    1    1    1    1    1  8.05355E+13 0.00522 
   20    1    1    1   20    1    1    1    1    1  5.43052E+14 0.00222 
   21    1    1    1   21    1    1    1    1    1  2.03316E+15 0.00120 
   22    1    1    1   22    1    1    1    1    1  4.17952E+15 0.00086 
   23    1    1    1   23    1    1    1    1    1  5.36733E+15 0.00063 
   24    1    1    1   24    1    1    1    1    1  4.86064E+15 0.00073 
   25    1    1    1   25    1    1    1    1    1  2.94338E+15 0.00100 
   26    1    1    1   26    1    1    1    1    1  1.01023E+15 0.00160 
   27    1    1    1   27    1    1    1    1    1  1.96619E+14 0.00326 
   28    1    1    1   28    1    1    1    1    1  7.82176E+13 0.00508 
   29    1    1    1   29    1    1    1    1    1  5.27338E+14 0.00220 
   30    1    1    1   30    1    1    1    1    1  1.91486E+15 0.00119 
   31    1    1    1   31    1    1    1    1    1  3.72334E+15 0.00080 
   32    1    1    1   32    1    1    1    1    1  4.61999E+15 0.00066 
   33    1    1    1   33    1    1    1    1    1  4.24721E+15 0.00074 
   34    1    1    1   34    1    1    1    1    1  2.70954E+15 0.00102 
   35    1    1    1   35    1    1    1    1    1  9.71150E+14 0.00160 
   36    1    1    1   36    1    1    1    1    1  1.90175E+14 0.00318 
   37    1    1    1   37    1    1    1    1    1  6.34545E+13 0.00543 
   38    1    1    1   38    1    1    1    1    1  4.17653E+14 0.00229 
   39    1    1    1   39    1    1    1    1    1  1.48572E+15 0.00136 
   40    1    1    1   40    1    1    1    1    1  2.84580E+15 0.00093 
   41    1    1    1   41    1    1    1    1    1  3.51540E+15 0.00075 
   42    1    1    1   42    1    1    1    1    1  3.23780E+15 0.00080 
   43    1    1    1   43    1    1    1    1    1  2.08589E+15 0.00117 
   44    1    1    1   44    1    1    1    1    1  7.62548E+14 0.00179 
   45    1    1    1   45    1    1    1    1    1  1.52587E+14 0.00344 
   46    1    1    1   46    1    1    1    1    1  4.35517E+13 0.00596 
   47    1    1    1   47    1    1    1    1    1  2.75918E+14 0.00252 
   48    1    1    1   48    1    1    1    1    1  9.65443E+14 0.00152 
   49    1    1    1   49    1    1    1    1    1  1.92393E+15 0.00112 
   50    1    1    1   50    1    1    1    1    1  2.46270E+15 0.00089 
   51    1    1    1   51    1    1    1    1    1  2.23353E+15 0.00102 
   52    1    1    1   52    1    1    1    1    1  1.37337E+15 0.00135 
   53    1    1    1   53    1    1    1    1    1  4.97707E+14 0.00207 
   54    1    1    1   54    1    1    1    1    1  1.04510E+14 0.00419 
   55    1    1    1   55    1    1    1    1    1  2.73387E+13 0.00695 
   56    1    1    1   56    1    1    1    1    1  1.65792E+14 0.00306 
   57    1    1    1   57    1    1    1    1    1  5.73646E+14 0.00187 
   58    1    1    1   58    1    1    1    1    1  1.18186E+15 0.00137 
   59    1    1    1   59    1    1    1    1    1  1.56124E+15 0.00112 
   60    1    1    1   60    1    1    1    1    1  1.39492E+15 0.00124 
   61    1    1    1   61    1    1    1    1    1  8.25109E+14 0.00161 
   62    1    1    1   62    1    1    1    1    1  2.96065E+14 0.00253 
   63    1    1    1   63    1    1    1    1    1  6.54771E+13 0.00489 
   64    1    1    1   64    1    1    1    1    1  1.63864E+13 0.00855 
   65    1    1    1   65    1    1    1    1    1  9.38945E+13 0.00399 
   66    1    1    1   66    1    1    1    1    1  3.16630E+14 0.00238 
   67    1    1    1   67    1    1    1    1    1  6.60423E+14 0.00175 
   68    1    1    1   68    1    1    1    1    1  8.87186E+14 0.00144 
   69    1    1    1   69    1    1    1    1    1  7.86913E+14 0.00152 
   70    1    1    1   70    1    1    1    1    1  4.59398E+14 0.00196 
   71    1    1    1   71    1    1    1    1    1  1.66365E+14 0.00315 
   72    1    1    1   72    1    1    1    1    1  3.84808E+13 0.00600 
   73    1    1    1   73    1    1    1    1    1  9.36553E+12 0.01134 
   74    1    1    1   74    1    1    1    1    1  5.10200E+13 0.00516 
   75    1    1    1   75    1    1    1    1    1  1.68450E+14 0.00308 
   76    1    1    1   76    1    1    1    1    1  3.51589E+14 0.00210 
   77    1    1    1   77    1    1    1    1    1  4.75435E+14 0.00180 
   78    1    1    1   78    1    1    1    1    1  4.20792E+14 0.00200 
   79    1    1    1   79    1    1    1    1    1  2.45132E+14 0.00252 
   80    1    1    1   80    1    1    1    1    1  9.05550E+13 0.00406 
   81    1    1    1   81    1    1    1    1    1  2.24274E+13 0.00723 
   82    1    1    1   82    1    1    1    1    1  5.27068E+12 0.01456 
   83    1    1    1   83    1    1    1    1    1  2.74331E+13 0.00665 
   84    1    1    1   84    1    1    1    1    1  8.82751E+13 0.00406 
   85    1    1    1   85    1    1    1    1    1  1.82274E+14 0.00280 
   86    1    1    1   86    1    1    1    1    1  2.48115E+14 0.00239 
   87    1    1    1   87    1    1    1    1    1  2.18899E+14 0.00257 
   88    1    1    1   88    1    1    1    1    1  1.27366E+14 0.00325 
   89    1    1    1   89    1    1    1    1    1  4.80269E+13 0.00543 
   90    1    1    1   90    1    1    1    1    1  1.29102E+13 0.00958 
   91    1    1    1   91    1    1    1    1    1  2.97596E+12 0.01892 
   92    1    1    1   92    1    1    1    1    1  1.46864E+13 0.00869 
   93    1    1    1   93    1    1    1    1    1  4.55080E+13 0.00550 
   94    1    1    1   94    1    1    1    1    1  9.35205E+13 0.00368 
   95    1    1    1   95    1    1    1    1    1  1.26548E+14 0.00321 
   96    1    1    1   96    1    1    1    1    1  1.11871E+14 0.00344 
   97    1    1    1   97    1    1    1    1    1  6.55421E+13 0.00442 
   98    1    1    1   98    1    1    1    1    1  2.55467E+13 0.00689 
   99    1    1    1   99    1    1    1    1    1  7.49423E+12 0.01235 
  100    1    1    1  100    1    1    1    1    1  1.71015E+12 0.02422 
  101    1    1    1  101    1    1    1    1    1  8.06406E+12 0.01147 
  102    1    1    1  102    1    1    1    1    1  2.42161E+13 0.00694 
  103    1    1    1  103    1    1    1    1    1  4.81689E+13 0.00496 
  104    1    1    1  104    1    1    1    1    1  6.41740E+13 0.00438 
  105    1    1    1  105    1    1    1    1    1  5.74006E+13 0.00468 
  106    1    1    1  106    1    1    1    1    1  3.42513E+13 0.00593 
  107    1    1    1  107    1    1    1    1    1  1.37670E+13 0.00888 
  108    1    1    1  108    1    1    1    1    1  4.57155E+12 0.01506 
];

