
DETtritium = [
    1    1    1    1    1    1    1    1    1    1  3.81764E+13 0.00943 
    2    1    1    1    2    1    1    1    1    1  2.34222E+14 0.00403 
    3    1    1    1    3    1    1    1    1    1  9.09291E+14 0.00223 
    4    1    1    1    4    1    1    1    1    1  2.68281E+15 0.00149 
    5    1    1    1    5    1    1    1    1    1  5.08921E+15 0.00123 
    6    1    1    1    6    1    1    1    1    1  6.06756E+15 0.00142 
    7    1    1    1    7    1    1    1    1    1  4.27285E+15 0.00187 
    8    1    1    1    8    1    1    1    1    1  1.55378E+15 0.00297 
    9    1    1    1    9    1    1    1    1    1  4.12635E+14 0.00800 
   10    1    1    1   10    1    1    1    1    1  6.69094E+13 0.00613 
   11    1    1    1   11    1    1    1    1    1  4.23024E+14 0.00259 
   12    1    1    1   12    1    1    1    1    1  1.60373E+15 0.00143 
   13    1    1    1   13    1    1    1    1    1  4.31832E+15 0.00092 
   14    1    1    1   14    1    1    1    1    1  7.66395E+15 0.00081 
   15    1    1    1   15    1    1    1    1    1  9.39893E+15 0.00090 
   16    1    1    1   16    1    1    1    1    1  7.22026E+15 0.00124 
   17    1    1    1   17    1    1    1    1    1  2.80568E+15 0.00205 
   18    1    1    1   18    1    1    1    1    1  6.63564E+14 0.00482 
   19    1    1    1   19    1    1    1    1    1  7.97787E+13 0.00548 
   20    1    1    1   20    1    1    1    1    1  5.00653E+14 0.00229 
   21    1    1    1   21    1    1    1    1    1  1.82782E+15 0.00127 
   22    1    1    1   22    1    1    1    1    1  4.60410E+15 0.00083 
   23    1    1    1   23    1    1    1    1    1  7.82890E+15 0.00070 
   24    1    1    1   24    1    1    1    1    1  9.78803E+15 0.00084 
   25    1    1    1   25    1    1    1    1    1  7.99536E+15 0.00106 
   26    1    1    1   26    1    1    1    1    1  3.26707E+15 0.00180 
   27    1    1    1   27    1    1    1    1    1  7.67633E+14 0.00477 
   28    1    1    1   28    1    1    1    1    1  7.48789E+13 0.00554 
   29    1    1    1   29    1    1    1    1    1  4.69015E+14 0.00231 
   30    1    1    1   30    1    1    1    1    1  1.66347E+15 0.00132 
   31    1    1    1   31    1    1    1    1    1  4.01979E+15 0.00091 
   32    1    1    1   32    1    1    1    1    1  6.70526E+15 0.00076 
   33    1    1    1   33    1    1    1    1    1  8.44731E+15 0.00085 
   34    1    1    1   34    1    1    1    1    1  7.14420E+15 0.00107 
   35    1    1    1   35    1    1    1    1    1  3.02158E+15 0.00175 
   36    1    1    1   36    1    1    1    1    1  7.20903E+14 0.00426 
   37    1    1    1   37    1    1    1    1    1  6.09043E+13 0.00577 
   38    1    1    1   38    1    1    1    1    1  3.68978E+14 0.00243 
   39    1    1    1   39    1    1    1    1    1  1.28710E+15 0.00147 
   40    1    1    1   40    1    1    1    1    1  3.11205E+15 0.00104 
   41    1    1    1   41    1    1    1    1    1  5.21356E+15 0.00086 
   42    1    1    1   42    1    1    1    1    1  6.54314E+15 0.00091 
   43    1    1    1   43    1    1    1    1    1  5.53169E+15 0.00125 
   44    1    1    1   44    1    1    1    1    1  2.35692E+15 0.00192 
   45    1    1    1   45    1    1    1    1    1  5.71885E+14 0.00459 
   46    1    1    1   46    1    1    1    1    1  4.32012E+13 0.00678 
   47    1    1    1   47    1    1    1    1    1  2.52055E+14 0.00295 
   48    1    1    1   48    1    1    1    1    1  8.75060E+14 0.00178 
   49    1    1    1   49    1    1    1    1    1  2.18965E+15 0.00123 
   50    1    1    1   50    1    1    1    1    1  3.76687E+15 0.00105 
   51    1    1    1   51    1    1    1    1    1  4.68209E+15 0.00103 
   52    1    1    1   52    1    1    1    1    1  3.81236E+15 0.00136 
   53    1    1    1   53    1    1    1    1    1  1.60338E+15 0.00226 
   54    1    1    1   54    1    1    1    1    1  4.07836E+14 0.00565 
   55    1    1    1   55    1    1    1    1    1  2.73739E+13 0.00835 
   56    1    1    1   56    1    1    1    1    1  1.56120E+14 0.00343 
   57    1    1    1   57    1    1    1    1    1  5.42557E+14 0.00206 
   58    1    1    1   58    1    1    1    1    1  1.41150E+15 0.00143 
   59    1    1    1   59    1    1    1    1    1  2.50444E+15 0.00127 
   60    1    1    1   60    1    1    1    1    1  3.07504E+15 0.00125 
   61    1    1    1   61    1    1    1    1    1  2.39862E+15 0.00167 
   62    1    1    1   62    1    1    1    1    1  9.86900E+14 0.00278 
   63    1    1    1   63    1    1    1    1    1  2.73956E+14 0.00783 
   64    1    1    1   64    1    1    1    1    1  1.68784E+13 0.01036 
   65    1    1    1   65    1    1    1    1    1  9.10761E+13 0.00448 
   66    1    1    1   66    1    1    1    1    1  3.15439E+14 0.00253 
   67    1    1    1   67    1    1    1    1    1  8.40540E+14 0.00185 
   68    1    1    1   68    1    1    1    1    1  1.52286E+15 0.00161 
   69    1    1    1   69    1    1    1    1    1  1.84965E+15 0.00160 
   70    1    1    1   70    1    1    1    1    1  1.40819E+15 0.00214 
   71    1    1    1   71    1    1    1    1    1  5.76799E+14 0.00353 
   72    1    1    1   72    1    1    1    1    1  1.77237E+14 0.01074 
   73    1    1    1   73    1    1    1    1    1  9.83746E+12 0.01311 
   74    1    1    1   74    1    1    1    1    1  5.17181E+13 0.00587 
   75    1    1    1   75    1    1    1    1    1  1.75171E+14 0.00350 
   76    1    1    1   76    1    1    1    1    1  4.71215E+14 0.00237 
   77    1    1    1   77    1    1    1    1    1  8.64011E+14 0.00207 
   78    1    1    1   78    1    1    1    1    1  1.04742E+15 0.00222 
   79    1    1    1   79    1    1    1    1    1  7.88127E+14 0.00286 
   80    1    1    1   80    1    1    1    1    1  3.20683E+14 0.00462 
   81    1    1    1   81    1    1    1    1    1  1.16644E+14 0.01440 
   82    1    1    1   82    1    1    1    1    1  5.69433E+12 0.01764 
   83    1    1    1   83    1    1    1    1    1  2.85794E+13 0.00808 
   84    1    1    1   84    1    1    1    1    1  9.50640E+13 0.00446 
   85    1    1    1   85    1    1    1    1    1  2.56666E+14 0.00304 
   86    1    1    1   86    1    1    1    1    1  4.70051E+14 0.00253 
   87    1    1    1   87    1    1    1    1    1  5.67422E+14 0.00290 
   88    1    1    1   88    1    1    1    1    1  4.29152E+14 0.00383 
   89    1    1    1   89    1    1    1    1    1  1.78116E+14 0.00614 
   90    1    1    1   90    1    1    1    1    1  7.82827E+13 0.01996 
   91    1    1    1   91    1    1    1    1    1  3.40952E+12 0.02419 
   92    1    1    1   92    1    1    1    1    1  1.59945E+13 0.01069 
   93    1    1    1   93    1    1    1    1    1  5.22264E+13 0.00651 
   94    1    1    1   94    1    1    1    1    1  1.38504E+14 0.00432 
   95    1    1    1   95    1    1    1    1    1  2.54430E+14 0.00374 
   96    1    1    1   96    1    1    1    1    1  3.08319E+14 0.00416 
   97    1    1    1   97    1    1    1    1    1  2.36992E+14 0.00523 
   98    1    1    1   98    1    1    1    1    1  1.02700E+14 0.01113 
   99    1    1    1   99    1    1    1    1    1  5.53875E+13 0.02579 
  100    1    1    1  100    1    1    1    1    1  2.43348E+12 0.04103 
  101    1    1    1  101    1    1    1    1    1  1.09185E+13 0.01759 
  102    1    1    1  102    1    1    1    1    1  3.34383E+13 0.01126 
  103    1    1    1  103    1    1    1    1    1  8.56182E+13 0.00746 
  104    1    1    1  104    1    1    1    1    1  1.54989E+14 0.00647 
  105    1    1    1  105    1    1    1    1    1  1.87699E+14 0.00705 
  106    1    1    1  106    1    1    1    1    1  1.46871E+14 0.00826 
  107    1    1    1  107    1    1    1    1    1  6.61793E+13 0.01449 
  108    1    1    1  108    1    1    1    1    1  4.50187E+13 0.03235 
];

