
DETflux = [
    1    1    1    1    1    1    1    1    1    1  3.17472E+13 0.00873 
    2    1    1    1    2    1    1    1    1    1  2.03035E+14 0.00387 
    3    1    1    1    3    1    1    1    1    1  7.84539E+14 0.00230 
    4    1    1    1    4    1    1    1    1    1  1.84160E+15 0.00158 
    5    1    1    1    5    1    1    1    1    1  2.60943E+15 0.00135 
    6    1    1    1    6    1    1    1    1    1  2.27016E+15 0.00137 
    7    1    1    1    7    1    1    1    1    1  1.20658E+15 0.00180 
    8    1    1    1    8    1    1    1    1    1  3.89311E+14 0.00302 
    9    1    1    1    9    1    1    1    1    1  7.95932E+13 0.00575 
   10    1    1    1   10    1    1    1    1    1  6.13197E+13 0.00605 
   11    1    1    1   11    1    1    1    1    1  4.18700E+14 0.00269 
   12    1    1    1   12    1    1    1    1    1  1.62697E+15 0.00149 
   13    1    1    1   13    1    1    1    1    1  3.62047E+15 0.00097 
   14    1    1    1   14    1    1    1    1    1  4.87381E+15 0.00077 
   15    1    1    1   15    1    1    1    1    1  4.34090E+15 0.00083 
   16    1    1    1   16    1    1    1    1    1  2.46836E+15 0.00116 
   17    1    1    1   17    1    1    1    1    1  8.05342E+14 0.00192 
   18    1    1    1   18    1    1    1    1    1  1.54494E+14 0.00393 
   19    1    1    1   19    1    1    1    1    1  7.65439E+13 0.00517 
   20    1    1    1   20    1    1    1    1    1  5.24817E+14 0.00226 
   21    1    1    1   21    1    1    1    1    1  1.98260E+15 0.00126 
   22    1    1    1   22    1    1    1    1    1  4.12999E+15 0.00080 
   23    1    1    1   23    1    1    1    1    1  5.31747E+15 0.00066 
   24    1    1    1   24    1    1    1    1    1  4.83071E+15 0.00070 
   25    1    1    1   25    1    1    1    1    1  2.92840E+15 0.00106 
   26    1    1    1   26    1    1    1    1    1  9.96552E+14 0.00172 
   27    1    1    1   27    1    1    1    1    1  1.90201E+14 0.00350 
   28    1    1    1   28    1    1    1    1    1  7.43379E+13 0.00494 
   29    1    1    1   29    1    1    1    1    1  5.08755E+14 0.00218 
   30    1    1    1   30    1    1    1    1    1  1.86594E+15 0.00123 
   31    1    1    1   31    1    1    1    1    1  3.66502E+15 0.00082 
   32    1    1    1   32    1    1    1    1    1  4.56951E+15 0.00070 
   33    1    1    1   33    1    1    1    1    1  4.20794E+15 0.00068 
   34    1    1    1   34    1    1    1    1    1  2.67620E+15 0.00104 
   35    1    1    1   35    1    1    1    1    1  9.52310E+14 0.00169 
   36    1    1    1   36    1    1    1    1    1  1.85384E+14 0.00352 
   37    1    1    1   37    1    1    1    1    1  5.99538E+13 0.00527 
   38    1    1    1   38    1    1    1    1    1  4.03732E+14 0.00226 
   39    1    1    1   39    1    1    1    1    1  1.44755E+15 0.00128 
   40    1    1    1   40    1    1    1    1    1  2.79375E+15 0.00089 
   41    1    1    1   41    1    1    1    1    1  3.46748E+15 0.00078 
   42    1    1    1   42    1    1    1    1    1  3.19435E+15 0.00082 
   43    1    1    1   43    1    1    1    1    1  2.04943E+15 0.00115 
   44    1    1    1   44    1    1    1    1    1  7.45834E+14 0.00180 
   45    1    1    1   45    1    1    1    1    1  1.48990E+14 0.00370 
   46    1    1    1   46    1    1    1    1    1  4.16906E+13 0.00593 
   47    1    1    1   47    1    1    1    1    1  2.66500E+14 0.00260 
   48    1    1    1   48    1    1    1    1    1  9.36724E+14 0.00145 
   49    1    1    1   49    1    1    1    1    1  1.88404E+15 0.00105 
   50    1    1    1   50    1    1    1    1    1  2.41828E+15 0.00092 
   51    1    1    1   51    1    1    1    1    1  2.19462E+15 0.00097 
   52    1    1    1   52    1    1    1    1    1  1.34612E+15 0.00132 
   53    1    1    1   53    1    1    1    1    1  4.85622E+14 0.00203 
   54    1    1    1   54    1    1    1    1    1  1.01392E+14 0.00418 
   55    1    1    1   55    1    1    1    1    1  2.62370E+13 0.00713 
   56    1    1    1   56    1    1    1    1    1  1.59423E+14 0.00321 
   57    1    1    1   57    1    1    1    1    1  5.53995E+14 0.00178 
   58    1    1    1   58    1    1    1    1    1  1.15404E+15 0.00130 
   59    1    1    1   59    1    1    1    1    1  1.52686E+15 0.00113 
   60    1    1    1   60    1    1    1    1    1  1.36915E+15 0.00120 
   61    1    1    1   61    1    1    1    1    1  8.06877E+14 0.00159 
   62    1    1    1   62    1    1    1    1    1  2.89254E+14 0.00247 
   63    1    1    1   63    1    1    1    1    1  6.27911E+13 0.00502 
   64    1    1    1   64    1    1    1    1    1  1.52106E+13 0.00899 
   65    1    1    1   65    1    1    1    1    1  9.03762E+13 0.00410 
   66    1    1    1   66    1    1    1    1    1  3.06069E+14 0.00233 
   67    1    1    1   67    1    1    1    1    1  6.42735E+14 0.00167 
   68    1    1    1   68    1    1    1    1    1  8.64927E+14 0.00143 
   69    1    1    1   69    1    1    1    1    1  7.68798E+14 0.00154 
   70    1    1    1   70    1    1    1    1    1  4.47948E+14 0.00196 
   71    1    1    1   71    1    1    1    1    1  1.61487E+14 0.00315 
   72    1    1    1   72    1    1    1    1    1  3.74330E+13 0.00608 
   73    1    1    1   73    1    1    1    1    1  8.78418E+12 0.01161 
   74    1    1    1   74    1    1    1    1    1  4.94319E+13 0.00523 
   75    1    1    1   75    1    1    1    1    1  1.62976E+14 0.00299 
   76    1    1    1   76    1    1    1    1    1  3.40971E+14 0.00217 
   77    1    1    1   77    1    1    1    1    1  4.63032E+14 0.00181 
   78    1    1    1   78    1    1    1    1    1  4.10518E+14 0.00197 
   79    1    1    1   79    1    1    1    1    1  2.37487E+14 0.00247 
   80    1    1    1   80    1    1    1    1    1  8.68076E+13 0.00405 
   81    1    1    1   81    1    1    1    1    1  2.15457E+13 0.00776 
   82    1    1    1   82    1    1    1    1    1  4.97782E+12 0.01524 
   83    1    1    1   83    1    1    1    1    1  2.65456E+13 0.00676 
   84    1    1    1   84    1    1    1    1    1  8.52162E+13 0.00381 
   85    1    1    1   85    1    1    1    1    1  1.76177E+14 0.00280 
   86    1    1    1   86    1    1    1    1    1  2.39391E+14 0.00245 
   87    1    1    1   87    1    1    1    1    1  2.12064E+14 0.00274 
   88    1    1    1   88    1    1    1    1    1  1.23564E+14 0.00328 
   89    1    1    1   89    1    1    1    1    1  4.61241E+13 0.00513 
   90    1    1    1   90    1    1    1    1    1  1.23214E+13 0.00950 
   91    1    1    1   91    1    1    1    1    1  2.83792E+12 0.01941 
   92    1    1    1   92    1    1    1    1    1  1.40032E+13 0.00897 
   93    1    1    1   93    1    1    1    1    1  4.42447E+13 0.00522 
   94    1    1    1   94    1    1    1    1    1  9.00755E+13 0.00360 
   95    1    1    1   95    1    1    1    1    1  1.21893E+14 0.00327 
   96    1    1    1   96    1    1    1    1    1  1.08122E+14 0.00337 
   97    1    1    1   97    1    1    1    1    1  6.34448E+13 0.00422 
   98    1    1    1   98    1    1    1    1    1  2.43856E+13 0.00706 
   99    1    1    1   99    1    1    1    1    1  7.11657E+12 0.01271 
  100    1    1    1  100    1    1    1    1    1  1.67337E+12 0.02410 
  101    1    1    1  101    1    1    1    1    1  7.77884E+12 0.01214 
  102    1    1    1  102    1    1    1    1    1  2.33135E+13 0.00711 
  103    1    1    1  103    1    1    1    1    1  4.65426E+13 0.00486 
  104    1    1    1  104    1    1    1    1    1  6.21453E+13 0.00442 
  105    1    1    1  105    1    1    1    1    1  5.52165E+13 0.00437 
  106    1    1    1  106    1    1    1    1    1  3.27265E+13 0.00582 
  107    1    1    1  107    1    1    1    1    1  1.30015E+13 0.00886 
  108    1    1    1  108    1    1    1    1    1  4.32125E+12 0.01495 
];

