
DETtritium = [
    1    1    1    1    1    1    1    1    1    1  3.24792E+13 0.01047 
    2    1    1    1    2    1    1    1    1    1  1.96027E+14 0.00443 
    3    1    1    1    3    1    1    1    1    1  7.92671E+14 0.00230 
    4    1    1    1    4    1    1    1    1    1  2.42912E+15 0.00156 
    5    1    1    1    5    1    1    1    1    1  4.72571E+15 0.00134 
    6    1    1    1    6    1    1    1    1    1  5.59864E+15 0.00145 
    7    1    1    1    7    1    1    1    1    1  3.81143E+15 0.00185 
    8    1    1    1    8    1    1    1    1    1  1.36411E+15 0.00320 
    9    1    1    1    9    1    1    1    1    1  3.70272E+14 0.00950 
   10    1    1    1   10    1    1    1    1    1  6.12211E+13 0.00650 
   11    1    1    1   11    1    1    1    1    1  3.88956E+14 0.00274 
   12    1    1    1   12    1    1    1    1    1  1.55677E+15 0.00158 
   13    1    1    1   13    1    1    1    1    1  4.54410E+15 0.00099 
   14    1    1    1   14    1    1    1    1    1  8.46860E+15 0.00088 
   15    1    1    1   15    1    1    1    1    1  1.02137E+16 0.00091 
   16    1    1    1   16    1    1    1    1    1  7.38601E+15 0.00131 
   17    1    1    1   17    1    1    1    1    1  2.68905E+15 0.00206 
   18    1    1    1   18    1    1    1    1    1  6.17142E+14 0.00547 
   19    1    1    1   19    1    1    1    1    1  7.42603E+13 0.00563 
   20    1    1    1   20    1    1    1    1    1  4.80618E+14 0.00238 
   21    1    1    1   21    1    1    1    1    1  1.87228E+15 0.00131 
   22    1    1    1   22    1    1    1    1    1  5.14378E+15 0.00089 
   23    1    1    1   23    1    1    1    1    1  9.20535E+15 0.00070 
   24    1    1    1   24    1    1    1    1    1  1.13033E+16 0.00076 
   25    1    1    1   25    1    1    1    1    1  8.62516E+15 0.00115 
   26    1    1    1   26    1    1    1    1    1  3.26708E+15 0.00187 
   27    1    1    1   27    1    1    1    1    1  7.30831E+14 0.00442 
   28    1    1    1   28    1    1    1    1    1  7.20440E+13 0.00573 
   29    1    1    1   29    1    1    1    1    1  4.59335E+14 0.00234 
   30    1    1    1   30    1    1    1    1    1  1.73874E+15 0.00130 
   31    1    1    1   31    1    1    1    1    1  4.56358E+15 0.00090 
   32    1    1    1   32    1    1    1    1    1  7.94730E+15 0.00071 
   33    1    1    1   33    1    1    1    1    1  9.87446E+15 0.00076 
   34    1    1    1   34    1    1    1    1    1  7.84749E+15 0.00116 
   35    1    1    1   35    1    1    1    1    1  3.08595E+15 0.00185 
   36    1    1    1   36    1    1    1    1    1  6.99247E+14 0.00453 
   37    1    1    1   37    1    1    1    1    1  5.83910E+13 0.00606 
   38    1    1    1   38    1    1    1    1    1  3.63538E+14 0.00242 
   39    1    1    1   39    1    1    1    1    1  1.34907E+15 0.00136 
   40    1    1    1   40    1    1    1    1    1  3.48829E+15 0.00099 
   41    1    1    1   41    1    1    1    1    1  6.05732E+15 0.00082 
   42    1    1    1   42    1    1    1    1    1  7.52186E+15 0.00090 
   43    1    1    1   43    1    1    1    1    1  6.03419E+15 0.00126 
   44    1    1    1   44    1    1    1    1    1  2.42643E+15 0.00205 
   45    1    1    1   45    1    1    1    1    1  5.66692E+14 0.00483 
   46    1    1    1   46    1    1    1    1    1  4.12959E+13 0.00709 
   47    1    1    1   47    1    1    1    1    1  2.48400E+14 0.00285 
   48    1    1    1   48    1    1    1    1    1  9.05445E+14 0.00165 
   49    1    1    1   49    1    1    1    1    1  2.39378E+15 0.00116 
   50    1    1    1   50    1    1    1    1    1  4.23387E+15 0.00095 
   51    1    1    1   51    1    1    1    1    1  5.21535E+15 0.00109 
   52    1    1    1   52    1    1    1    1    1  4.07993E+15 0.00141 
   53    1    1    1   53    1    1    1    1    1  1.64603E+15 0.00226 
   54    1    1    1   54    1    1    1    1    1  4.10650E+14 0.00658 
   55    1    1    1   55    1    1    1    1    1  2.64752E+13 0.00819 
   56    1    1    1   56    1    1    1    1    1  1.53897E+14 0.00345 
   57    1    1    1   57    1    1    1    1    1  5.54626E+14 0.00195 
   58    1    1    1   58    1    1    1    1    1  1.50383E+15 0.00137 
   59    1    1    1   59    1    1    1    1    1  2.72438E+15 0.00123 
   60    1    1    1   60    1    1    1    1    1  3.31901E+15 0.00134 
   61    1    1    1   61    1    1    1    1    1  2.52000E+15 0.00168 
   62    1    1    1   62    1    1    1    1    1  1.00831E+15 0.00278 
   63    1    1    1   63    1    1    1    1    1  2.68469E+14 0.00781 
   64    1    1    1   64    1    1    1    1    1  1.59151E+13 0.01081 
   65    1    1    1   65    1    1    1    1    1  8.97436E+13 0.00458 
   66    1    1    1   66    1    1    1    1    1  3.17243E+14 0.00251 
   67    1    1    1   67    1    1    1    1    1  8.74782E+14 0.00176 
   68    1    1    1   68    1    1    1    1    1  1.61122E+15 0.00151 
   69    1    1    1   69    1    1    1    1    1  1.94561E+15 0.00157 
   70    1    1    1   70    1    1    1    1    1  1.45269E+15 0.00215 
   71    1    1    1   71    1    1    1    1    1  5.83518E+14 0.00355 
   72    1    1    1   72    1    1    1    1    1  1.73996E+14 0.01064 
   73    1    1    1   73    1    1    1    1    1  9.21034E+12 0.01437 
   74    1    1    1   74    1    1    1    1    1  5.02218E+13 0.00591 
   75    1    1    1   75    1    1    1    1    1  1.74370E+14 0.00330 
   76    1    1    1   76    1    1    1    1    1  4.82050E+14 0.00239 
   77    1    1    1   77    1    1    1    1    1  8.90806E+14 0.00210 
   78    1    1    1   78    1    1    1    1    1  1.07660E+15 0.00210 
   79    1    1    1   79    1    1    1    1    1  7.99944E+14 0.00280 
   80    1    1    1   80    1    1    1    1    1  3.24382E+14 0.00447 
   81    1    1    1   81    1    1    1    1    1  1.10864E+14 0.01443 
   82    1    1    1   82    1    1    1    1    1  5.37958E+12 0.01759 
   83    1    1    1   83    1    1    1    1    1  2.81612E+13 0.00821 
   84    1    1    1   84    1    1    1    1    1  9.41738E+13 0.00454 
   85    1    1    1   85    1    1    1    1    1  2.59281E+14 0.00325 
   86    1    1    1   86    1    1    1    1    1  4.80379E+14 0.00290 
   87    1    1    1   87    1    1    1    1    1  5.80701E+14 0.00289 
   88    1    1    1   88    1    1    1    1    1  4.30605E+14 0.00372 
   89    1    1    1   89    1    1    1    1    1  1.78859E+14 0.00606 
   90    1    1    1   90    1    1    1    1    1  7.29937E+13 0.01980 
   91    1    1    1   91    1    1    1    1    1  3.19101E+12 0.02624 
   92    1    1    1   92    1    1    1    1    1  1.58964E+13 0.01116 
   93    1    1    1   93    1    1    1    1    1  5.15756E+13 0.00654 
   94    1    1    1   94    1    1    1    1    1  1.39645E+14 0.00437 
   95    1    1    1   95    1    1    1    1    1  2.56450E+14 0.00410 
   96    1    1    1   96    1    1    1    1    1  3.13129E+14 0.00409 
   97    1    1    1   97    1    1    1    1    1  2.35266E+14 0.00556 
   98    1    1    1   98    1    1    1    1    1  9.75347E+13 0.00856 
   99    1    1    1   99    1    1    1    1    1  5.14900E+13 0.02429 
  100    1    1    1  100    1    1    1    1    1  2.52044E+12 0.04768 
  101    1    1    1  101    1    1    1    1    1  1.06767E+13 0.01889 
  102    1    1    1  102    1    1    1    1    1  3.24548E+13 0.01125 
  103    1    1    1  103    1    1    1    1    1  8.58864E+13 0.00749 
  104    1    1    1  104    1    1    1    1    1  1.55448E+14 0.00666 
  105    1    1    1  105    1    1    1    1    1  1.90294E+14 0.00722 
  106    1    1    1  106    1    1    1    1    1  1.45957E+14 0.00994 
  107    1    1    1  107    1    1    1    1    1  6.51413E+13 0.01502 
  108    1    1    1  108    1    1    1    1    1  4.26901E+13 0.03327 
];

