
DETflux = [
    1    1    1    1    1    1    1    1    1    1  3.80472E+13 0.00808 
    2    1    1    1    2    1    1    1    1    1  2.41901E+14 0.00356 
    3    1    1    1    3    1    1    1    1    1  9.23617E+14 0.00200 
    4    1    1    1    4    1    1    1    1    1  2.14439E+15 0.00147 
    5    1    1    1    5    1    1    1    1    1  3.01294E+15 0.00122 
    6    1    1    1    6    1    1    1    1    1  2.62036E+15 0.00134 
    7    1    1    1    7    1    1    1    1    1  1.40086E+15 0.00177 
    8    1    1    1    8    1    1    1    1    1  4.50358E+14 0.00281 
    9    1    1    1    9    1    1    1    1    1  9.36907E+13 0.00545 
   10    1    1    1   10    1    1    1    1    1  6.91863E+13 0.00543 
   11    1    1    1   11    1    1    1    1    1  4.59142E+14 0.00246 
   12    1    1    1   12    1    1    1    1    1  1.72873E+15 0.00142 
   13    1    1    1   13    1    1    1    1    1  3.69313E+15 0.00097 
   14    1    1    1   14    1    1    1    1    1  4.86375E+15 0.00084 
   15    1    1    1   15    1    1    1    1    1  4.35818E+15 0.00086 
   16    1    1    1   16    1    1    1    1    1  2.54794E+15 0.00111 
   17    1    1    1   17    1    1    1    1    1  8.60069E+14 0.00189 
   18    1    1    1   18    1    1    1    1    1  1.70526E+14 0.00391 
   19    1    1    1   19    1    1    1    1    1  8.32235E+13 0.00491 
   20    1    1    1   20    1    1    1    1    1  5.53479E+14 0.00212 
   21    1    1    1   21    1    1    1    1    1  2.00843E+15 0.00126 
   22    1    1    1   22    1    1    1    1    1  3.98809E+15 0.00088 
   23    1    1    1   23    1    1    1    1    1  5.00603E+15 0.00067 
   24    1    1    1   24    1    1    1    1    1  4.57599E+15 0.00076 
   25    1    1    1   25    1    1    1    1    1  2.87792E+15 0.00105 
   26    1    1    1   26    1    1    1    1    1  1.02826E+15 0.00176 
   27    1    1    1   27    1    1    1    1    1  2.04061E+14 0.00324 
   28    1    1    1   28    1    1    1    1    1  7.95835E+13 0.00493 
   29    1    1    1   29    1    1    1    1    1  5.24530E+14 0.00212 
   30    1    1    1   30    1    1    1    1    1  1.84156E+15 0.00131 
   31    1    1    1   31    1    1    1    1    1  3.45424E+15 0.00091 
   32    1    1    1   32    1    1    1    1    1  4.19771E+15 0.00070 
   33    1    1    1   33    1    1    1    1    1  3.89472E+15 0.00077 
   34    1    1    1   34    1    1    1    1    1  2.57152E+15 0.00109 
   35    1    1    1   35    1    1    1    1    1  9.65061E+14 0.00173 
   36    1    1    1   36    1    1    1    1    1  1.96322E+14 0.00331 
   37    1    1    1   37    1    1    1    1    1  6.35970E+13 0.00502 
   38    1    1    1   38    1    1    1    1    1  4.11458E+14 0.00234 
   39    1    1    1   39    1    1    1    1    1  1.41603E+15 0.00141 
   40    1    1    1   40    1    1    1    1    1  2.62398E+15 0.00101 
   41    1    1    1   41    1    1    1    1    1  3.19010E+15 0.00081 
   42    1    1    1   42    1    1    1    1    1  2.95601E+15 0.00086 
   43    1    1    1   43    1    1    1    1    1  1.96396E+15 0.00116 
   44    1    1    1   44    1    1    1    1    1  7.52544E+14 0.00188 
   45    1    1    1   45    1    1    1    1    1  1.56082E+14 0.00361 
   46    1    1    1   46    1    1    1    1    1  4.39793E+13 0.00595 
   47    1    1    1   47    1    1    1    1    1  2.71838E+14 0.00259 
   48    1    1    1   48    1    1    1    1    1  9.28416E+14 0.00158 
   49    1    1    1   49    1    1    1    1    1  1.79381E+15 0.00111 
   50    1    1    1   50    1    1    1    1    1  2.26238E+15 0.00093 
   51    1    1    1   51    1    1    1    1    1  2.06262E+15 0.00103 
   52    1    1    1   52    1    1    1    1    1  1.30302E+15 0.00129 
   53    1    1    1   53    1    1    1    1    1  4.89784E+14 0.00215 
   54    1    1    1   54    1    1    1    1    1  1.05693E+14 0.00406 
   55    1    1    1   55    1    1    1    1    1  2.72028E+13 0.00728 
   56    1    1    1   56    1    1    1    1    1  1.63490E+14 0.00314 
   57    1    1    1   57    1    1    1    1    1  5.54030E+14 0.00193 
   58    1    1    1   58    1    1    1    1    1  1.11830E+15 0.00138 
   59    1    1    1   59    1    1    1    1    1  1.45909E+15 0.00119 
   60    1    1    1   60    1    1    1    1    1  1.31114E+15 0.00132 
   61    1    1    1   61    1    1    1    1    1  7.92326E+14 0.00162 
   62    1    1    1   62    1    1    1    1    1  2.91821E+14 0.00247 
   63    1    1    1   63    1    1    1    1    1  6.57288E+13 0.00493 
   64    1    1    1   64    1    1    1    1    1  1.60619E+13 0.00887 
   65    1    1    1   65    1    1    1    1    1  9.30300E+13 0.00417 
   66    1    1    1   66    1    1    1    1    1  3.08196E+14 0.00243 
   67    1    1    1   67    1    1    1    1    1  6.33705E+14 0.00172 
   68    1    1    1   68    1    1    1    1    1  8.41850E+14 0.00151 
   69    1    1    1   69    1    1    1    1    1  7.51526E+14 0.00166 
   70    1    1    1   70    1    1    1    1    1  4.44348E+14 0.00200 
   71    1    1    1   71    1    1    1    1    1  1.64219E+14 0.00314 
   72    1    1    1   72    1    1    1    1    1  3.89282E+13 0.00600 
   73    1    1    1   73    1    1    1    1    1  9.27005E+12 0.01110 
   74    1    1    1   74    1    1    1    1    1  5.07927E+13 0.00536 
   75    1    1    1   75    1    1    1    1    1  1.65621E+14 0.00309 
   76    1    1    1   76    1    1    1    1    1  3.41295E+14 0.00215 
   77    1    1    1   77    1    1    1    1    1  4.56120E+14 0.00199 
   78    1    1    1   78    1    1    1    1    1  4.06030E+14 0.00204 
   79    1    1    1   79    1    1    1    1    1  2.38744E+14 0.00249 
   80    1    1    1   80    1    1    1    1    1  8.97889E+13 0.00388 
   81    1    1    1   81    1    1    1    1    1  2.28385E+13 0.00738 
   82    1    1    1   82    1    1    1    1    1  5.26980E+12 0.01439 
   83    1    1    1   83    1    1    1    1    1  2.75314E+13 0.00692 
   84    1    1    1   84    1    1    1    1    1  8.72786E+13 0.00406 
   85    1    1    1   85    1    1    1    1    1  1.78844E+14 0.00269 
   86    1    1    1   86    1    1    1    1    1  2.39933E+14 0.00253 
   87    1    1    1   87    1    1    1    1    1  2.12401E+14 0.00255 
   88    1    1    1   88    1    1    1    1    1  1.24938E+14 0.00325 
   89    1    1    1   89    1    1    1    1    1  4.79369E+13 0.00490 
   90    1    1    1   90    1    1    1    1    1  1.32517E+13 0.00936 
   91    1    1    1   91    1    1    1    1    1  2.96927E+12 0.01963 
   92    1    1    1   92    1    1    1    1    1  1.46236E+13 0.00891 
   93    1    1    1   93    1    1    1    1    1  4.53828E+13 0.00521 
   94    1    1    1   94    1    1    1    1    1  9.22133E+13 0.00378 
   95    1    1    1   95    1    1    1    1    1  1.23998E+14 0.00333 
   96    1    1    1   96    1    1    1    1    1  1.09378E+14 0.00343 
   97    1    1    1   97    1    1    1    1    1  6.49020E+13 0.00448 
   98    1    1    1   98    1    1    1    1    1  2.52823E+13 0.00686 
   99    1    1    1   99    1    1    1    1    1  7.68328E+12 0.01236 
  100    1    1    1  100    1    1    1    1    1  1.72283E+12 0.02380 
  101    1    1    1  101    1    1    1    1    1  8.06731E+12 0.01189 
  102    1    1    1  102    1    1    1    1    1  2.40123E+13 0.00681 
  103    1    1    1  103    1    1    1    1    1  4.79018E+13 0.00495 
  104    1    1    1  104    1    1    1    1    1  6.38612E+13 0.00427 
  105    1    1    1  105    1    1    1    1    1  5.66612E+13 0.00455 
  106    1    1    1  106    1    1    1    1    1  3.43129E+13 0.00579 
  107    1    1    1  107    1    1    1    1    1  1.36570E+13 0.00900 
  108    1    1    1  108    1    1    1    1    1  4.70871E+12 0.01458 
];

